Genome	FullLength	PartialLength
2228664006	1	0
2228664007	0	1
2501004205	2	0
2501025493	2	0
2501025505	1	0
2501779502	1	0
2501799900	0	1
2501799908	1	0
2501915963	0	2
2501939606	3	0
2502422321	1	0
2502545039	1	0
2502790015	3	0
2502790017	3	0
2502957028	2	0
2503198000	2	0
2503283001	0	0
2503283022	1	0
2503283023	3	0
2503508007	1	0
2503508009	3	0
2503538010	2	0
2503538017	2	0
2503538021	3	0
2503538027	4	0
2503538028	3	0
2503692001	1	0
2503707003	0	0
2503707007	2	0
2503707008	4	0
2503707009	3	0
2503754000	1	0
2503754015	2	0
2503754016	1	0
2503754017	2	0
2503754019	2	0
2503754044	10	1
2503754046	4	0
2503754048	2	0
2503904009	1	0
2503904012	3	0
2503904014	3	0
2503982034	1	0
2503982035	2	0
2503982036	4	0
2503982037	1	0
2503982039	3	0
2503982046	1	0
2503982047	4	0
2504136000	2	0
2504136002	1	0
2504136006	1	0
2504557005	1	0
2504557006	4	0
2504557012	4	0
2504643006	3	0
2504643012	2	0
2504643013	4	0
2504643019	1	0
2504643030	1	0
2504756004	2	0
2504756006	2	0
2504756018	2	0
2504756058	4	0
2504756059	3	0
2504756061	1	0
2504756063	1	0
2504756064	1	0
2504756065	15	0
2504756083	4	0
2505119042	2	0
2505119043	3	0
2505313015	5	0
2505679005	1	0
2505679006	3	0
2505679007	2	0
2505679008	2	0
2505679009	2	0
2505679016	2	0
2505679024	1	0
2505679029	2	1
2505679030	2	0
2505679031	1	0
2505679032	3	0
2505679039	1	0
2505679040	1	0
2505679041	1	5
2505679042	3	4
2505679043	0	6
2505679044	4	4
2505679046	5	1
2505679047	1	4
2505679049	1	0
2505679050	1	0
2505679051	0	0
2505679053	0	0
2505679055	1	0
2505679056	1	0
2505679057	0	0
2505679058	1	0
2505679059	0	1
2505679064	1	0
2505679065	1	0
2505679066	2	0
2505679068	3	0
2505679077	2	0
2505679078	1	0
2505679080	4	0
2505679082	4	0
2505679083	2	0
2505679089	2	0
2505679104	8	0
2505679107	0	0
2506210002	7	0
2506210003	8	0
2506210005	6	0
2506210028	1	0
2506210034	2	0
2506210035	2	0
2506381019	3	0
2506381022	2	0
2506381025	1	0
2506485001	2	0
2506485002	3	0
2506485007	3	0
2506520007	7	0
2506520008	7	0
2506520009	7	0
2506520011	2	0
2506520012	1	0
2506520013	2	0
2506520014	2	0
2506520015	5	0
2506520016	3	0
2506520020	4	0
2506520034	3	0
2506520036	7	0
2506520037	7	0
2506520038	7	0
2506520039	2	0
2506520040	3	0
2506520041	2	0
2506520042	1	0
2506520043	1	0
2506520044	4	0
2506520045	2	0
2506520046	4	0
2506520047	12	0
2506520048	2	0
2506520049	2	0
2506520050	1	0
2506783006	2	0
2506783009	2	0
2506783010	1	0
2506783011	2	0
2506783014	2	0
2506783038	17	6
2506783044	7	0
2506783045	1	0
2506783046	9	0
2506783047	1	0
2506783048	2	0
2506783052	2	0
2506783053	2	0
2506783054	2	0
2506783059	2	0
2506783060	2	0
2506783061	9	0
2506783062	5	0
2506783063	2	0
2506783064	2	0
2506783068	2	0
2507149014	1	1
2507149015	4	0
2507149019	6	0
2507149024	8	0
2507262015	3	0
2507262016	1	0
2507262026	6	0
2507262027	2	0
2507262031	6	0
2507262035	10	0
2507262043	1	0
2507262044	2	0
2507262048	7	0
2507262051	6	0
2507262052	2	0
2507262054	2	0
2507262055	1	0
2507262057	9	0
2507525000	1	0
2507525018	2	2
2508501001	9	0
2508501002	8	0
2508501004	9	0
2508501009	1	0
2508501010	2	0
2508501011	2	0
2508501012	3	0
2508501013	3	0
2508501021	1	0
2508501023	4	0
2508501026	8	0
2508501027	1	0
2508501028	1	0
2508501029	8	0
2508501030	1	0
2508501031	4	0
2508501033	3	1
2508501034	1	0
2508501036	11	0
2508501037	1	0
2508501038	2	0
2508501039	3	0
2508501040	6	0
2508501041	2	0
2508501042	1	0
2508501043	4	0
2508501044	3	0
2508501045	2	0
2508501046	2	0
2508501047	2	0
2508501048	1	0
2508501049	1	0
2508501050	1	0
2508501051	3	0
2508501052	2	0
2508501066	2	0
2508501067	1	0
2508501068	3	0
2508501069	5	0
2508501070	4	0
2508501071	7	0
2508501075	1	0
2508501098	2	0
2508501100	1	0
2508501103	3	0
2508501105	1	0
2508501106	2	0
2508501107	2	0
2508501108	2	0
2508501109	1	0
2508501110	2	0
2508501111	5	0
2508501112	3	0
2508501113	1	0
2508501114	1	0
2508501115	1	0
2508501118	3	0
2508501119	2	0
2508501120	3	0
2508501122	1	0
2508501123	2	0
2508501124	1	0
2508501125	1	1
2508501126	2	0
2508501127	2	0
2508501128	1	0
2508501136	8	0
2509276007	7	0
2509276010	3	0
2509276011	2	0
2509276012	5	0
2509276013	4	0
2509276014	2	0
2509276015	1	0
2509276016	2	0
2509276017	2	0
2509276018	2	0
2509276019	1	0
2509276020	4	0
2509276021	2	1
2509276022	2	0
2509276023	5	0
2509276025	4	0
2509276026	3	0
2509276028	3	0
2509276029	5	0
2509276030	1	0
2509276031	4	0
2509276033	3	0
2509276035	4	0
2509276036	1	0
2509276044	2	0
2509276045	2	0
2509276047	6	2
2509276048	7	0
2509276051	8	0
2509276052	2	0
2509276054	3	0
2509276055	1	0
2509276056	3	0
2509276057	3	0
2509276058	4	0
2509276059	3	0
2509276060	9	0
2509276061	3	0
2509276062	4	0
2509276063	2	0
2509276064	6	0
2509276065	4	0
2509276066	5	0
2509276067	5	0
2509601001	3	0
2509601004	8	0
2509601008	2	0
2509601011	2	0
2509601013	3	0
2509601014	1	0
2509601017	5	0
2509601019	1	0
2509601020	3	0
2509601025	4	0
2509601026	2	0
2509601027	3	0
2509601028	2	0
2509601029	2	0
2509601031	3	0
2509601032	5	0
2509601034	4	0
2509601035	2	0
2509601036	4	0
2509601038	5	0
2509601039	3	0
2509601041	3	0
2509601042	2	0
2509601044	1	0
2509601046	2	0
2509601048	3	0
2509887024	5	0
2509887025	1	0
2509887032	2	0
2509887033	1	0
2509887034	2	0
2510065005	1	0
2510065008	3	0
2510065009	1	0
2510065010	2	0
2510065011	1	0
2510065015	4	0
2510065016	4	0
2510065019	3	0
2510065032	3	0
2510065044	11	0
2510065045	1	0
2510065046	2	0
2510065049	1	0
2510065050	3	0
2510065051	2	0
2510065052	5	0
2510065053	2	0
2510065054	0	1
2510065055	1	0
2510065056	1	0
2510065057	1	0
2510065058	2	0
2510065059	1	0
2510065060	1	0
2510065062	4	0
2510065063	1	0
2510065064	1	0
2510065076	3	0
2510065083	1	0
2510065084	3	0
2510065085	3	0
2510065086	2	0
2510065087	4	0
2510065088	1	0
2510065089	5	0
2510065090	5	0
2510065091	5	0
2510065092	1	0
2510436000	3	0
2510436001	2	0
2510436004	8	0
2510461000	0	0
2510461002	2	0
2510461022	3	0
2510461023	4	1
2510461053	2	0
2510461070	2	0
2510461076	2	0
2510461079	1	0
2510917000	1	0
2511231041	1	0
2511231042	1	0
2511231043	1	0
2511231049	1	0
2511231052	1	0
2512047086	3	0
2512047087	4	0
2512047088	14	0
2512047091	2	0
2512564009	5	0
2512564010	3	0
2512564011	2	0
2512564012	4	0
2512564015	2	0
2512564091	2	0
2512875013	1	0
2512875014	3	0
2512875015	5	0
2512875016	2	0
2512875023	0	0
2512875024	2	0
2512875026	3	0
2512875027	4	0
2512875033	1	0
2513020008	4	0
2513020036	1	0
2513020047	1	0
2513020048	2	0
2513237078	1	0
2513237082	2	0
2513237083	1	0
2513237084	1	0
2513237085	1	0
2513237086	1	0
2513237087	2	0
2513237088	1	0
2513237089	1	0
2513237090	2	0
2513237091	1	0
2513237092	1	0
2513237093	0	1
2513237094	1	0
2513237095	1	0
2513237096	1	0
2513237097	2	0
2513237098	4	0
2513237099	1	0
2513237100	1	0
2513237101	1	0
2513237102	1	0
2513237103	1	0
2513237104	1	0
2513237107	3	1
2513237108	0	0
2513237109	2	0
2513237111	2	0
2513237112	2	0
2513237113	5	0
2513237114	2	1
2513237115	3	0
2513237116	3	0
2513237117	2	0
2513237118	0	1
2513237119	3	0
2513237120	2	0
2513237121	1	0
2513237122	3	0
2513237123	1	0
2513237133	1	0
2513237135	2	0
2513237136	1	0
2513237137	1	0
2513237138	1	0
2513237139	1	0
2513237140	1	0
2513237141	1	0
2513237142	1	0
2513237143	1	0
2513237144	1	0
2513237145	1	0
2513237146	1	0
2513237147	2	0
2513237148	2	0
2513237150	2	0
2513237151	2	0
2513237152	6	0
2513237153	1	0
2513237154	2	0
2513237155	1	0
2513237156	1	0
2513237157	1	0
2513237158	0	0
2513237159	1	0
2513237160	1	0
2513237161	1	0
2513237162	1	0
2513237163	2	0
2513237164	1	0
2513237165	1	0
2513237166	1	0
2514885007	1	0
2514885008	2	0
2515075008	3	0
2515075009	3	0
2515075013	3	0
2515154010	2	0
2515154011	3	2
2515154012	2	0
2515154013	6	1
2515154014	1	1
2515154015	4	0
2515154016	4	0
2515154017	3	1
2515154018	1	0
2515154019	4	1
2515154020	4	0
2515154021	2	0
2515154022	1	0
2515154023	3	0
2515154024	6	0
2515154025	2	0
2515154026	4	0
2515154027	5	0
2515154028	1	0
2515154029	3	0
2515154030	2	0
2515154031	5	0
2515154032	3	0
2515154033	4	0
2515154055	1	0
2515154059	1	0
2515154070	1	0
2515154071	5	0
2515154072	1	0
2515154073	3	0
2515154074	1	0
2515154075	3	0
2515154076	3	0
2515154077	1	0
2515154078	4	0
2515154079	1	0
2515154080	2	0
2515154081	3	0
2515154082	3	0
2515154083	2	1
2515154084	1	0
2515154085	1	4
2515154086	4	3
2515154087	2	0
2515154088	4	0
2515154089	1	0
2515154090	4	0
2515154091	2	0
2515154092	6	0
2515154093	3	0
2515154094	4	0
2515154095	1	0
2515154096	0	0
2515154097	2	0
2515154098	0	1
2515154099	0	1
2515154100	0	0
2515154101	0	0
2515154102	1	0
2515154103	0	0
2515154104	0	0
2515154105	1	0
2515154106	0	0
2515154107	1	0
2515154108	2	0
2515154109	1	0
2515154110	2	0
2515154111	4	0
2515154112	1	0
2515154113	1	0
2515154114	0	0
2515154115	0	0
2515154116	0	0
2515154117	3	2
2515154118	3	1
2515154119	5	0
2515154120	3	2
2515154121	5	0
2515154122	1	0
2515154123	1	0
2515154124	4	0
2515154125	4	0
2515154126	3	0
2515154127	4	0
2515154128	3	0
2515154129	2	0
2515154130	4	0
2515154131	1	0
2515154132	2	1
2515154133	4	0
2515154134	1	0
2515154135	4	0
2515154136	4	0
2515154137	2	2
2515154138	1	0
2515154139	2	0
2515154140	4	0
2515154141	2	1
2515154142	1	0
2515154143	4	0
2515154144	5	6
2515154145	2	0
2515154146	2	0
2515154147	1	0
2515154148	1	0
2515154149	1	0
2515154150	1	0
2515154151	4	0
2515154152	4	0
2515154153	3	0
2515154154	1	0
2515154155	2	0
2515154156	1	0
2515154157	3	0
2515154158	2	0
2515154159	1	0
2515154160	1	0
2515154161	1	0
2515154162	4	0
2515154163	2	0
2515154165	1	0
2515154166	1	0
2515154167	4	0
2515154168	10	0
2515154169	0	0
2515154170	3	0
2515154171	0	1
2515154172	2	2
2515154173	3	0
2515154174	4	0
2515154175	4	0
2515154176	3	0
2515154177	4	0
2515154178	4	0
2515154179	4	0
2515154180	4	0
2515154181	4	0
2515154182	4	0
2515154183	2	2
2515154184	4	0
2515154185	1	3
2515154186	4	0
2515154187	4	0
2515154188	4	0
2515154189	2	0
2515154190	1	0
2515154191	3	0
2515154193	4	0
2515154194	4	0
2515154195	2	0
2515154196	1	0
2515154197	1	0
2515154199	5	1
2515154200	4	0
2515154202	4	0
2515154203	4	0
2515154205	2	1
2515154206	2	0
2515154209	3	0
2515154210	3	0
2515154211	2	2
2515154212	1	0
2515154213	3	0
2515154214	1	0
2516143000	1	1
2516143002	4	0
2516143004	3	0
2516143008	4	0
2516143012	3	0
2516143014	3	0
2516143018	3	0
2516143022	3	0
2516143025	2	0
2516143028	1	0
2516143104	1	0
2516143105	5	0
2516143113	2	0
2516143114	1	0
2516143117	1	0
2516143118	4	0
2516143128	1	0
2516493005	9	0
2516493006	7	0
2516493010	2	0
2516493012	1	0
2516493016	6	0
2516493017	6	0
2516493018	2	0
2516493019	4	1
2516493021	4	0
2516493022	2	0
2516493023	2	0
2516493024	3	0
2516493025	9	0
2516493026	2	0
2516493027	2	0
2516493028	7	0
2516493029	3	0
2516493030	1	0
2516493031	5	0
2516493032	2	0
2516653041	3	0
2516653042	3	0
2516653046	3	0
2516653047	3	0
2516653048	1	0
2516653049	1	0
2516653050	1	0
2516653053	3	0
2516653054	3	0
2516653055	2	0
2516653058	3	0
2516653063	1	0
2516653072	2	0
2516653073	4	0
2516653074	6	0
2516653075	3	0
2516653076	1	0
2516653077	3	0
2516653079	5	0
2516653080	2	0
2516653082	4	0
2516653084	2	0
2516653085	3	0
2517093000	3	0
2517093001	1	0
2517093002	1	0
2517093003	3	0
2517093004	3	0
2517093005	2	0
2517093006	2	2
2517093007	2	0
2517093008	2	0
2517093009	1	0
2517093010	4	0
2517093011	3	0
2517093012	5	0
2517093013	3	0
2517093014	2	0
2517093015	2	0
2517093016	5	0
2517093017	3	0
2517093018	6	0
2517093019	1	0
2517093040	2	0
2517093041	2	0
2517093042	4	0
2517093043	3	0
2517093044	3	0
2517093047	2	0
2517093048	3	0
2517093049	6	0
2517093050	7	0
2517287015	2	0
2517287016	3	0
2517287017	2	0
2517287019	3	0
2517287020	8	0
2517287021	3	0
2517287022	3	0
2517287023	3	0
2517287024	3	0
2517287025	3	0
2517287027	4	0
2517287028	1	0
2517287029	3	0
2517287030	1	1
2517287031	1	0
2517287033	3	0
2517287034	3	0
2517434007	4	0
2517434008	2	0
2517434009	2	0
2517434010	3	0
2517434011	1	1
2517434012	2	0
2517434013	4	0
2517487019	2	0
2517487020	3	0
2517487021	1	0
2517487022	3	0
2517572024	2	0
2517572073	2	0
2517572074	2	0
2517572076	2	0
2517572096	1	0
2517572098	1	0
2517572101	3	0
2517572108	1	0
2517572109	1	0
2517572110	1	0
2517572111	1	0
2517572112	1	0
2517572113	1	0
2517572114	1	0
2517572115	1	0
2517572116	1	0
2517572117	1	0
2517572118	1	0
2517572119	1	0
2517572120	3	0
2517572121	2	0
2517572122	1	1
2517572123	1	0
2517572124	1	0
2517572136	2	0
2517572137	4	0
2517572143	1	0
2517572145	4	0
2517572146	2	0
2517572147	1	0
2517572148	5	2
2517572149	1	2
2517572150	9	0
2517572151	8	2
2517572152	4	0
2517572153	4	1
2517572154	3	1
2517572155	4	0
2517572156	4	0
2517572157	2	0
2517572158	1	3
2517572159	3	1
2517572160	4	0
2517572161	2	0
2517572162	2	0
2517572163	4	0
2517572164	5	0
2517572165	2	2
2517572166	1	1
2517572167	1	0
2517572174	1	0
2517572175	7	0
2517572184	0	0
2517572189	12	0
2517572190	1	0
2517572194	3	0
2517572206	5	4
2517572208	2	0
2517572209	8	0
2517572210	3	1
2517572211	4	0
2517572212	4	0
2517572213	2	0
2517572214	2	0
2517572217	1	0
2517572218	1	0
2517572221	1	0
2517572222	1	0
2517572231	1	0
2517572232	0	0
2517572233	3	0
2517572235	4	3
2517572236	3	0
2517572237	2	0
2517572238	3	0
2517572239	6	0
2517572240	1	0
2517572241	1	0
2517572242	3	0
2517572243	1	0
2517572244	3	0
2517572245	1	0
2517572246	7	0
2517572247	7	0
2517572248	1	0
2518285526	7	0
2518285527	1	0
2518285528	1	0
2518285529	1	0
2518285530	1	0
2518285531	1	0
2518285532	1	0
2518285533	1	0
2518285534	1	0
2518285535	1	0
2518285536	1	0
2518285537	1	0
2518285548	7	5
2518285549	2	3
2518285550	4	0
2518285551	4	0
2518285552	4	0
2518285553	4	0
2518285554	4	0
2518285555	4	0
2518285558	4	0
2518285559	4	0
2518285560	4	0
2518285561	4	0
2518285562	4	0
2518285563	4	0
2518285564	2	3
2518285603	1	3
2518285608	1	0
2518285615	5	0
2518285616	2	0
2518645527	8	0
2518645583	1	0
2518645584	0	0
2518645585	3	1
2518645586	3	0
2518645587	4	1
2518645588	4	0
2518645589	2	0
2518645591	1	0
2518645592	1	0
2518645593	0	0
2518645594	0	0
2518645595	0	0
2518645596	1	1
2518645597	0	0
2518645598	1	0
2518645599	1	0
2518645600	2	0
2518645601	1	0
2518645602	6	0
2518645603	1	0
2518645604	5	0
2518645605	2	0
2518645607	3	0
2518645608	7	0
2518645609	1	0
2518645611	1	0
2518645612	2	0
2518645613	2	1
2518645614	3	1
2518645615	2	0
2518645616	3	0
2518645617	1	0
2518645618	0	1
2518645619	1	0
2518645620	4	0
2518645621	7	0
2518645622	0	1
2518645623	1	0
2518645624	3	1
2518645625	4	1
2518645626	4	0
2518645627	4	0
2519103012	7	0
2519103013	1	0
2519103014	1	0
2519103015	0	0
2519103016	1	0
2519103025	1	0
2519103027	1	0
2519103046	1	0
2519103178	3	1
2519103180	1	0
2519103181	1	0
2519103182	3	0
2519103183	2	0
2519103184	2	0
2519103185	4	0
2519103186	2	0
2519103187	4	0
2519103188	7	0
2519103189	7	0
2519103190	3	2
2519103191	4	0
2519103192	4	0
2519103193	4	0
2519103194	4	0
2519103195	4	0
2519899509	1	0
2519899511	1	0
2519899515	1	0
2519899518	4	0
2519899531	0	0
2519899539	3	0
2519899631	1	0
2519899632	1	0
2519899633	1	0
2519899634	6	0
2519899635	8	0
2519899636	1	0
2519899637	0	0
2519899638	3	0
2519899639	2	1
2519899640	5	0
2519899641	2	0
2519899642	1	0
2519899643	2	1
2519899644	1	0
2519899645	1	0
2519899646	1	0
2519899647	2	1
2519899648	2	2
2519899649	4	0
2519899650	0	0
2519899651	1	0
2519899652	3	0
2519899653	2	0
2519899654	3	0
2519899659	7	0
2519899663	2	0
2519899664	4	0
2519899666	1	0
2519899667	1	0
2519899668	1	0
2519899669	3	1
2519899670	1	0
2519899671	1	0
2519899672	4	0
2519899678	1	0
2519899679	4	0
2519899680	2	0
2519899681	5	1
2519899682	7	0
2519899683	1	0
2519899684	2	0
2519899685	1	0
2519899686	1	1
2519899687	1	0
2519899688	1	0
2519899689	3	0
2519899690	1	0
2519899691	4	0
2519899692	3	1
2519899693	1	0
2519899694	1	0
2519899695	8	2
2519899696	3	0
2519899697	1	0
2519899698	3	0
2519899699	4	0
2519899771	3	0
2519899776	3	0
2521172536	1	1
2521172540	1	0
2521172542	1	0
2521172543	1	0
2521172544	1	0
2521172559	1	0
2521172560	1	0
2521172561	2	0
2521172563	1	0
2521172577	2	0
2521172611	8	0
2521172612	3	0
2521172614	3	0
2521172615	1	0
2521172618	4	0
2521172620	4	0
2521172622	5	0
2521172624	1	0
2521172625	1	0
2521172626	3	0
2521172627	9	0
2521172628	0	0
2521172629	1	0
2521172630	4	0
2521172631	2	1
2521172632	2	0
2521172633	4	0
2521172634	1	0
2521172635	3	0
2521172636	2	0
2521172637	2	0
2521172638	5	0
2521172639	0	0
2521172640	1	0
2521172641	0	0
2521172642	0	1
2521172643	2	0
2521172644	0	0
2521172645	2	0
2521172646	1	0
2521172647	2	0
2521172648	1	0
2521172649	2	0
2521172650	3	0
2521172651	2	0
2521172653	1	0
2521172654	1	0
2521172655	4	1
2521172657	1	0
2521172658	1	0
2521172659	1	0
2521172660	1	0
2521172661	11	0
2521172662	1	0
2521172663	0	0
2521172664	1	0
2521172665	1	0
2521172666	1	0
2521172667	0	0
2521172668	0	0
2521172669	1	0
2521172670	0	0
2521172671	1	0
2521172672	0	0
2521172673	0	0
2521172674	1	0
2521172675	1	0
2521172693	1	0
2521172694	1	0
2521172760	3	0
2522125054	2	0
2522125060	1	0
2522125061	1	0
2522125070	2	0
2522125078	6	0
2522125081	3	0
2522125083	1	0
2522125086	5	0
2522125097	1	0
2522125098	7	0
2522125115	1	0
2522125132	2	0
2522125133	5	1
2522125134	2	0
2522125135	3	0
2522125136	4	1
2522125138	1	0
2522125150	9	0
2522125151	3	0
2522125155	1	0
2522125156	1	0
2522125157	4	1
2522125168	5	0
2522125169	1	0
2522125170	2	0
2522125171	1	0
2522125172	1	0
2522125173	1	0
2522125174	1	0
2522572011	2	0
2522572013	2	0
2522572018	8	0
2522572020	2	0
2522572025	3	0
2522572047	1	0
2522572051	2	0
2522572060	8	0
2522572063	1	0
2522572065	5	0
2522572066	6	0
2522572098	0	0
2522572099	2	0
2522572100	2	0
2522572101	3	0
2522572102	2	0
2522572103	1	0
2522572104	3	0
2522572127	3	0
2522572128	1	0
2522572130	1	0
2522572149	0	1
2522572150	7	0
2522572153	1	0
2522572155	1	0
2522572156	1	1
2522572157	2	0
2522572158	2	3
2522572159	3	0
2522572160	2	0
2522572161	3	0
2522572162	1	0
2522572178	3	1
2522572179	3	1
2522572180	1	0
2522572182	3	0
2522572188	3	0
2522572190	1	0
2522572191	5	1
2522572192	1	1
2522572193	3	0
2522572195	1	0
2522572201	2	1
2522572202	6	0
2523231010	1	0
2523231012	2	0
2523231013	1	0
2523231014	3	0
2523231015	3	0
2523231016	2	0
2523231017	1	0
2523231019	4	1
2523231023	1	1
2523231024	7	0
2523231025	2	0
2523231026	2	0
2523231027	4	0
2523231029	3	0
2523231030	1	0
2523231034	1	0
2523231049	3	0
2523231050	4	0
2523231052	1	0
2523231054	1	0
2523231055	3	0
2523231056	1	0
2523231059	4	0
2523231061	1	0
2523231062	3	0
2523231063	4	0
2523231064	3	0
2523231065	2	0
2523231066	2	0
2523231067	4	0
2523231068	1	0
2523231069	4	0
2523231070	1	0
2523231083	1	0
2523231084	1	0
2523231085	3	0
2523533501	3	0
2523533502	0	0
2523533505	4	0
2523533506	0	0
2523533507	1	0
2523533508	3	0
2523533511	6	0
2523533522	1	1
2523533526	2	0
2523533527	4	0
2523533528	0	1
2523533529	8	0
2523533530	1	0
2523533531	3	0
2523533532	2	0
2523533533	4	0
2523533534	2	0
2523533535	3	1
2523533536	1	0
2523533537	1	0
2523533538	4	3
2523533539	1	0
2523533540	2	1
2523533541	1	0
2523533542	4	0
2523533543	5	0
2523533544	2	0
2523533545	1	0
2523533546	2	0
2523533547	2	0
2523533548	2	0
2523533549	4	1
2523533550	1	1
2523533551	1	1
2523533552	3	0
2523533553	4	0
2523533554	2	0
2523533555	2	0
2523533556	1	0
2523533557	1	0
2523533558	2	0
2523533559	3	0
2523533560	2	0
2523533561	2	0
2523533562	4	0
2523533568	1	0
2523533569	2	0
2523533576	3	0
2523533577	3	0
2523533578	2	0
2523533580	2	0
2523533581	1	0
2523533582	1	0
2523533583	3	0
2523533584	4	1
2523533585	2	0
2523533586	1	1
2523533587	1	0
2523533588	4	0
2523533589	1	0
2523533595	4	0
2523533596	3	0
2523533597	4	0
2523533598	1	0
2523533599	2	0
2523533600	3	0
2523533601	1	0
2523533604	4	0
2523533605	4	0
2523533606	1	0
2523533607	1	0
2523533608	4	0
2523533609	4	0
2523533610	3	0
2523533611	2	0
2523533612	2	0
2523533613	1	0
2523533614	2	2
2523533615	1	0
2523533616	7	0
2523533617	11	0
2523533618	1	0
2523533619	2	0
2523533620	1	0
2523533621	2	1
2523533622	1	0
2523533623	1	0
2523533624	1	0
2523533625	1	0
2523533626	4	0
2523533627	1	0
2523533628	1	0
2523533629	1	0
2523533630	1	0
2523533634	6	0
2524023058	1	0
2524023059	1	0
2524023060	2	0
2524023062	1	1
2524023067	4	0
2524023070	2	0
2524023073	8	0
2524023086	7	1
2524023087	8	0
2524023091	2	3
2524023129	8	0
2524023130	1	0
2524023134	7	1
2524023135	8	0
2524023136	1	0
2524023137	4	0
2524023138	1	0
2524023142	1	0
2524023143	6	1
2524023144	1	0
2524023145	1	0
2524023146	1	0
2524023147	4	1
2524023148	1	0
2524023149	1	0
2524023150	1	0
2524023151	4	0
2524023152	4	0
2524023153	6	0
2524023154	1	0
2524023155	5	1
2524023156	4	1
2524023157	2	0
2524023158	1	1
2524023159	6	0
2524023160	3	0
2524023161	2	2
2524023162	4	1
2524023163	4	0
2524023164	4	4
2524023165	3	0
2524023166	2	2
2524023167	4	0
2524023168	1	0
2524023169	5	0
2524023187	1	0
2524023191	5	0
2524023192	8	0
2524023203	1	0
2524023204	2	0
2524023205	1	0
2524023206	1	0
2524023207	2	0
2524023208	2	0
2524023209	1	0
2524023210	1	0
2524023212	2	0
2524023213	2	0
2524023214	2	0
2524023225	5	0
2524023226	3	0
2524023227	2	0
2524023228	1	0
2524023229	9	0
2524023241	1	0
2524023242	7	1
2524023243	4	0
2524023244	7	0
2524023245	4	0
2524023246	4	0
2524023247	3	0
2524023249	1	0
2524023250	1	0
2524614511	3	0
2524614512	1	0
2524614513	1	0
2524614514	6	1
2524614515	3	0
2524614516	3	0
2524614529	4	0
2524614530	4	0
2524614531	4	0
2524614535	4	1
2524614536	3	0
2524614539	1	0
2524614540	4	0
2524614541	1	0
2524614542	0	1
2524614543	0	1
2524614544	0	0
2524614545	1	0
2524614546	1	0
2524614547	0	1
2524614548	1	0
2524614551	1	0
2524614552	1	0
2524614553	2	0
2524614554	1	0
2524614555	2	0
2524614556	2	0
2524614557	3	1
2524614558	1	0
2524614559	5	0
2524614560	2	1
2524614561	2	2
2524614562	1	0
2524614563	4	0
2524614564	3	0
2524614565	3	2
2524614567	0	1
2524614568	2	1
2524614570	2	0
2524614571	2	0
2524614573	2	0
2524614575	0	0
2524614576	0	0
2524614577	4	0
2524614578	2	0
2524614580	0	0
2524614581	1	0
2524614582	1	0
2524614583	2	0
2524614584	2	0
2524614585	2	0
2524614594	9	0
2524614595	3	2
2524614596	4	0
2524614597	3	0
2524614599	1	0
2524614607	4	0
2524614608	1	0
2524614609	5	0
2524614613	2	0
2524614631	3	1
2524614632	1	0
2524614633	2	1
2524614634	4	1
2524614635	5	0
2524614636	11	0
2524614643	1	0
2524614644	1	0
2524614645	3	1
2524614648	2	0
2524614649	1	0
2524614650	3	0
2524614651	2	0
2524614654	3	0
2524614657	2	0
2524614658	3	1
2524614659	3	0
2524614660	2	0
2524614662	2	1
2524614663	3	0
2524614664	1	1
2524614665	1	0
2524614667	2	0
2524614668	1	0
2524614671	2	0
2524614672	4	1
2524614673	1	0
2524614676	3	0
2524614677	3	1
2524614678	1	0
2524614679	3	0
2524614680	3	0
2524614681	4	0
2524614682	6	0
2524614683	1	0
2524614684	0	0
2524614685	6	0
2524614686	1	0
2524614687	4	1
2524614688	3	1
2524614689	3	1
2524614690	2	0
2524614691	3	0
2524614692	4	0
2524614693	7	0
2524614694	2	1
2524614695	5	1
2524614696	5	0
2524614697	4	0
2524614698	8	0
2524614699	1	0
2524614700	3	0
2524614701	2	0
2524614702	4	0
2524614703	3	0
2524614704	2	1
2524614705	8	0
2524614706	3	0
2524614707	2	0
2524614708	3	1
2524614709	3	0
2524614710	0	0
2524614711	1	1
2524614712	3	0
2524614713	5	0
2524614714	4	0
2524614715	5	0
2524614716	5	0
2524614717	0	0
2524614718	3	1
2524614719	2	0
2524614723	1	0
2524614724	5	0
2524614725	1	0
2524614726	1	0
2524614727	3	0
2524614729	2	0
2524614730	1	0
2524614731	1	0
2524614732	2	0
2524614733	1	0
2524614734	2	0
2524614757	5	1
2524614758	2	0
2524614759	3	1
2524614760	5	1
2524614761	1	0
2524614762	2	0
2524614763	3	0
2524614766	5	0
2524614767	4	0
2524614768	1	0
2524614769	2	0
2524614770	3	0
2524614797	5	0
2524614798	1	0
2524614800	1	1
2524614801	1	1
2524614802	5	1
2524614803	3	0
2524614804	1	0
2524614805	2	0
2524614806	1	0
2524614807	3	0
2524614808	6	0
2524614815	4	0
2524614816	4	0
2524614821	5	0
2524614822	2	0
2524614837	3	0
2524614838	6	0
2524614842	3	0
2524614843	5	0
2524614846	5	0
2524614847	7	0
2524614850	6	0
2524614851	1	1
2524614852	4	0
2524614853	3	0
2524614854	10	0
2524614855	2	0
2524614856	6	0
2524614857	4	0
2524614859	2	0
2524614860	4	0
2524614861	8	0
2524614862	3	0
2524614863	7	0
2524614865	2	0
2524614866	8	0
2524614867	1	0
2524614868	1	0
2524614869	6	0
2524614870	1	2
2524614871	2	0
2524614872	2	1
2524614873	2	0
2524614874	3	1
2524614875	0	1
2524614876	2	0
2524614877	4	0
2524614878	4	1
2524614879	6	1
2524614880	3	0
2524614881	3	1
2524614882	1	0
2524614883	8	0
2524614884	1	0
2526164509	3	1
2526164510	4	0
2526164511	4	1
2526164512	1	0
2526164513	5	0
2526164514	1	0
2526164515	3	1
2526164516	1	0
2526164517	3	1
2526164518	4	0
2526164522	9	1
2526164523	1	0
2526164524	3	0
2526164525	1	0
2526164526	2	0
2526164527	2	0
2526164528	3	0
2526164529	6	0
2526164530	1	0
2526164533	1	1
2526164534	3	2
2526164694	3	0
2526164710	8	1
2526164711	1	0
2526164712	1	4
2526164713	1	0
2526164737	5	0
2526164741	4	1
2526164742	1	0
2526164762	0	0
2526164763	0	0
2526164764	1	0
2526164783	5	0
2527291701	4	0
2527291702	2	0
2527291724	2	0
2527291725	2	0
2528311033	2	0
2528311034	3	0
2528311045	3	2
2528311092	1	0
2528311093	4	1
2528311094	3	0
2528311097	1	0
2528311129	1	0
2528311135	7	0
2528311143	1	0
2528768012	3	0
2528768022	1	0
2528768146	1	0
2528768159	2	0
2528768167	2	0
2528768179	4	0
2528768208	9	0
2528768209	2	2
2528768210	5	0
2528768215	3	0
2528768218	7	0
2528768219	6	0
2528768220	4	0
2528768221	3	0
2528768222	11	0
2528768223	2	1
2528768230	2	1
2528768237	1	0
2529292502	2	0
2529292503	3	0
2529292555	1	0
2529292556	1	0
2529292557	1	0
2529292568	3	0
2529292577	1	0
2529292578	8	2
2529292583	1	0
2529292584	4	0
2531839721	3	0
2531839744	2	1
2531839745	8	0
2534682365	1	0
2534682370	4	0
2537562247	2	0
2537562250	6	0
2540341191	4	0
2540341192	2	0
2540341193	3	1
2540341198	1	0
2540341199	3	0
2540341200	2	0
2540341205	5	0
2540341206	4	0
2540341221	3	1
2540341222	3	0
2540341223	1	0
2540341224	1	0
2540341225	0	0
2540341226	0	0
2540341229	3	0
2540341230	3	0
2540341236	1	0
2540341237	3	0
2540341238	1	0
2540341239	4	0
2540341240	3	0
2540341241	2	0
2540341242	1	0
2540341243	4	0
2540341244	3	0
2540341245	4	0
2540341246	3	0
2540341247	2	0
2540341248	4	0
2540341249	5	0
2540341250	3	0
2541046934	2	0
2541046937	2	2
2541046951	2	0
2541046952	0	1
2541046955	7	0
2541046957	5	0
2541046969	2	0
2545555808	0	1
2545555812	1	0
2545555813	3	0
2545555814	1	1
2545555815	0	1
2545555820	1	1
2545555826	5	0
2545555829	3	0
2545555831	1	0
2545555834	6	0
2545555844	1	0
2545555854	2	0
2545555856	1	0
2545555857	1	1
2545555858	1	1
2545555859	3	1
2545555860	1	0
2545555861	2	0
2545555862	4	0
2545555863	2	1
2545555864	1	0
2545555865	4	0
2545555866	1	0
2545555867	3	0
2545555868	4	0
2545555869	3	1
2545555877	2	0
2545555880	2	0
2545824506	7	0
2545824507	3	0
2545824508	1	0
2545824509	3	0
2545824514	1	0
2545824537	4	0
2545824538	3	0
2545824539	2	0
2545824540	1	1
2545824541	2	0
2545824542	2	0
2545824543	1	0
2545824551	1	2
2545824552	1	0
2545824562	1	0
2545824563	1	0
2545824564	1	0
2545824569	1	0
2545824614	1	0
2545824615	2	0
2546825523	1	1
2546825524	1	0
2546825528	2	0
2546825529	4	1
2546825530	5	0
2546825531	2	0
2546825533	1	0
2546825534	3	0
2546825535	2	1
2546825536	4	2
2546825546	5	0
2546825547	2	0
2546826724	6	0
2546826728	6	0
2546826730	2	0
2547132468	1	0
2547132469	2	0
2547132470	1	0
2547132509	7	0
2547132513	1	0
2547132518	1	0
2547132519	6	0
2548877165	1	1
2548877166	1	0
2548877170	3	0
2548877171	4	0
2556793013	1	0
2556793019	1	0
2556921005	4	0
2556921006	5	1
2556921007	5	2
2556921008	1	0
2556921009	3	1
2556921011	5	1
2556921012	1	0
2556921013	4	0
2556921014	3	0
2556921015	1	1
2556921016	3	0
2556921017	3	0
2556921018	1	0
2556921022	5	0
2556921023	7	0
2556921024	5	0
2556921025	7	1
2556921039	3	0
2556921040	0	0
2556921041	10	0
2556921042	1	0
2556921043	3	0
2556921044	2	0
2556921045	1	0
2556921091	2	0
2556921092	8	0
2556921093	4	0
2556921094	1	0
2556921095	5	1
2556921096	1	0
2556921097	3	1
2556921098	3	0
2556921099	3	1
2556921100	5	1
2556921109	1	0
2556921110	4	0
2556921111	5	0
2556921112	2	0
2556921113	1	0
2556921600	0	0
2556921601	4	0
2556921602	3	1
2556921603	2	0
2556921618	2	0
2556921620	2	0
2556921621	4	0
2556921622	1	0
2556921623	2	0
2556921624	1	0
2556921625	1	0
2556921627	3	0
2556921628	6	0
2556921629	3	0
2556921630	2	1
2556921631	4	0
2556921632	1	0
2556921633	1	0
2556921648	1	0
2556921649	1	1
2556921650	3	0
2556921651	3	0
2556921652	1	0
2556921653	3	0
2556921654	3	1
2556921655	13	0
2556921656	2	2
2556921657	0	1
2556921658	5	1
2556921664	5	0
2556921665	5	0
2556921666	1	0
2556921667	2	0
2556921670	5	0
2556921671	6	0
2556921672	1	0
2556921673	3	1
2556921674	3	0
2556921675	1	0
2556921676	1	0
2558309000	1	0
2558309001	2	0
2558309002	5	0
2558309003	5	1
2558309005	4	0
2558309012	2	0
2558309013	4	0
2558309014	4	1
2558309032	2	0
2558309033	2	0
2558309034	3	0
2558309035	4	0
2558309036	2	0
2558309037	3	1
2558309039	5	0
2558309100	9	0
2558309101	1	0
2558309102	1	0
2558309103	1	0
2558309104	2	0
2558309105	2	0
2558309106	1	0
2558309107	4	0
2558309108	3	0
2558309109	3	0
2558309150	1	0
2558309151	1	2
2558860100	4	0
2558860101	3	0
2558860112	3	0
2558860114	8	0
2558860115	2	0
2558860116	2	0
2558860117	0	0
2558860118	2	0
2558860119	3	0
2558860120	4	0
2558860121	2	0
2558860122	2	0
2558860124	3	0
2558860125	2	1
2558860126	2	0
2558860127	5	0
2558860128	3	0
2558860129	1	0
2558860130	5	0
2558860131	1	2
2558860132	6	1
2558860134	3	1
2558860135	5	0
2558860137	3	0
2558860138	2	0
2558860139	5	0
2558860140	3	0
2558860144	3	0
2558860145	6	0
2558860159	3	0
2558860160	1	0
2558860163	1	0
2558860165	1	0
2558860166	3	0
2558860167	3	0
2558860168	4	0
2558860968	1	0
2558860969	14	1
2558860970	6	2
2558860971	4	0
2558860973	3	0
2558860974	3	0
2558860975	2	0
2558860976	1	0
2558860977	7	0
2558860979	12	0
2558860980	5	0
2558860981	2	0
2558860982	3	0
2558860983	2	0
2558860984	5	0
2558860985	4	0
2558860986	1	0
2558860987	4	0
2558860988	4	0
2558860989	6	0
2558860990	3	1
2558860991	4	1
2558860992	4	1
2558860993	2	1
2558860994	5	0
2558860995	1	0
2561511033	2	0
2561511034	3	1
2561511035	5	0
2561511036	4	0
2561511037	4	0
2561511038	0	3
2561511039	2	2
2561511040	4	0
2561511042	2	0
2561511058	1	0
2561511059	1	0
2561511066	6	0
2561511068	6	0
2561511070	3	1
2561511071	1	0
2561511072	3	0
2561511073	5	0
2561511074	4	0
2561511075	4	0
2561511076	1	0
2561511077	1	0
2561511078	1	0
2561511079	4	0
2561511080	3	0
2561511081	4	0
2561511082	2	0
2561511083	1	0
2561511089	1	0
2561511090	3	0
2561511091	5	0
2561511092	4	2
2561511095	2	0
2561511096	1	0
2561511097	6	0
2561511098	3	0
2561511099	2	0
2561511100	1	1
2561511101	3	0
2561511102	3	0
2561511103	1	3
2561511104	4	0
2561511105	3	1
2561511106	1	1
2561511107	4	0
2561511108	4	0
2561511109	4	0
2561511110	4	0
2561511111	4	0
2561511112	3	0
2561511113	4	0
2561511114	4	0
2561511115	2	1
2561511123	3	0
2561511128	2	0
2561511129	1	0
2561511132	3	0
2561511133	5	1
2561511134	4	0
2561511135	0	1
2561511136	3	0
2561511137	1	0
2561511138	4	1
2561511139	6	0
2561511141	3	0
2561511142	9	0
2561511143	3	0
2561511144	6	1
2561511145	6	1
2561511219	5	0
2561511220	2	0
2561511221	5	0
2561511222	2	0
2561511223	2	1
2561511224	1	0
2561511225	3	0
2561511226	4	0
2561511227	9	0
2561511228	1	0
2561511229	0	0
2561511230	4	0
2561511231	4	0
2561511232	5	2
2561511233	3	0
2561511235	4	0
2561511236	1	0
2561511237	1	0
2561511239	1	0
2562617000	9	0
2562617001	9	0
2562617002	3	1
2562617003	3	2
2562617004	3	0
2562617011	7	0
2562617012	4	0
2562617013	7	0
2562617014	4	1
2562617029	3	0
2562617030	4	0
2562617035	3	0
2562617048	2	0
2562617050	5	0
2562617051	5	0
2562617052	1	0
2562617054	3	0
2562617194	7	0
2562617195	1	0
2562617196	2	0
2562617197	2	0
2562617198	1	0
2562617199	4	0
2562617200	9	0
2563366501	10	0
2563366502	1	0
2563366504	3	0
2563366505	3	0
2563366506	3	0
2563366507	4	0
2563366508	1	0
2563366509	2	1
2563366510	2	0
2563366511	2	0
2563366512	1	0
2563366513	11	0
2563366514	15	0
2563366515	1	0
2563366516	7	1
2563366517	2	0
2563366531	3	1
2563366532	3	1
2563366533	3	1
2563366534	4	1
2563366537	4	0
2563366538	4	0
2563366539	3	2
2563366540	1	0
2563366541	3	0
2563366544	1	0
2563366545	3	0
2563366546	3	0
2563366600	0	0
2563366717	5	0
2563366719	2	0
2563366720	1	0
2563366721	21	0
2563366722	4	0
2563366723	2	0
2563366724	4	0
2563366725	1	0
2563366726	1	0
2563366727	4	0
2563366728	3	0
2563366729	3	2
2563366730	7	0
2563366731	5	0
2563366732	5	2
2563366733	7	0
2563366734	4	0
2563366735	1	0
2563366738	2	0
2563366739	1	0
2563367225	4	0
2565956507	4	0
2565956508	2	0
2565956509	5	0
2565956510	1	0
2565956511	4	0
2565956514	1	0
2565956515	4	1
2565956516	5	1
2565956517	3	0
2565956518	7	1
2565956519	2	3
2565956520	2	0
2565956521	2	0
2565956522	1	0
2565956523	3	3
2565956524	1	0
2565956525	7	0
2565956526	1	0
2565956527	4	0
2565956528	3	1
2565956529	8	0
2565956530	3	0
2565956531	3	0
2565956532	1	0
2565956533	2	0
2565956541	2	0
2565956542	3	0
2565957137	1	0
2565957139	2	0
2568526001	2	0
2568526002	2	0
2568526003	1	0
2568526004	3	0
2568526005	6	1
2568526006	6	0
2568526007	2	0
2568526008	1	0
2568526009	3	0
2568526010	5	0
2568526011	1	1
2568526012	5	1
2571042000	2	0
2571042001	8	0
2571042002	1	0
2571042003	2	1
2571042004	2	0
2571042005	6	0
2571042006	4	1
2571042007	3	1
2571042008	4	0
2571042009	4	0
2571042010	4	0
2571042011	2	0
2571042012	1	0
2571042013	6	1
2571042014	2	0
2571042015	5	0
2571042016	3	1
2571042017	0	1
2571042345	2	2
2571042346	0	0
2571042347	2	0
2571042348	1	0
2571042362	6	0
2571042363	3	0
2571042364	1	0
2571042365	4	0
2571042366	12	0
2571042907	6	0
2571042908	3	0
2571042909	3	0
2571042912	2	0
2571042913	2	0
2571042914	2	0
2571042915	4	0
2571042916	4	0
2571042917	6	0
2571042918	2	0
2571042920	4	0
2571042921	1	0
2571042922	1	0
2574179700	1	0
2574179701	1	0
2574179702	9	1
2574179703	10	1
2574179704	3	0
2574179705	9	0
2574179706	1	0
2574179707	5	0
2574179708	1	0
2574179709	4	0
2574179710	2	0
2574179711	2	1
2574179712	4	0
2574179718	4	0
2574179721	1	0
2574179722	2	0
2574179723	3	0
2574179724	6	0
2574179725	3	0
2574179726	2	0
2574179727	5	0
2574179731	1	1
2574179732	5	0
2574179733	0	0
2574179734	1	0
2574179735	1	0
2574179736	13	0
2574179739	1	0
2574179740	3	0
2574179741	2	0
2574179742	2	0
2574179743	2	0
2574179744	7	0
2574179745	1	0
2574179746	1	0
2574179747	6	0
2574179748	7	0
2574179749	9	0
2574179751	1	0
2574179752	8	0
2574179753	0	0
2574179754	3	0
2574179756	7	0
2574179761	8	1
2574179762	7	0
2574179763	1	0
2574179766	2	0
2574179767	3	0
2574179768	1	0
2574179770	8	0
2574179771	2	0
2574179772	1	0
2574179773	5	1
2574179776	1	0
2574179777	3	0
2574179778	2	0
2574179779	3	0
2574179780	3	0
2574179781	2	0
2574179782	8	0
2574179783	8	0
2574179784	2	0
2574179785	9	0
2574179786	5	0
2574179788	5	0
2574179791	2	0
2574179792	6	0
2574179793	10	0
2574179794	8	0
2574179795	10	0
2574180433	6	0
2574180434	4	1
2574180435	5	1
2574180436	4	0
2574180437	1	0
2574180438	2	0
2574180439	2	0
2574180442	1	1
2574180443	7	0
2574180448	5	0
2574180449	7	0
2574180450	1	0
2574180451	2	0
2574180452	1	0
2574180453	4	1
2576861397	4	0
2576861398	1	0
2576861399	3	0
2576861400	8	0
2576861401	9	0
2576861402	1	0
2576861403	1	0
2576861418	1	0
2576861815	3	0
2576861816	1	0
2576861818	4	0
2576861819	4	0
2576861823	3	0
2576861824	3	0
2576861825	7	0
2576861830	6	0
2576861831	7	0
2579778515	3	0
2579778516	1	0
2579778518	11	0
2579778519	2	1
2579778520	6	0
2579778522	10	0
2579778523	8	0
2579779151	1	0
2579779156	2	0
2579779157	1	0
2579779158	4	0
2579779159	1	0
2579779161	6	0
2579779162	2	0
2579779163	3	0
2579779165	1	0
2579779168	1	0
2579779169	2	1
2579779170	1	0
2579779171	2	1
2582580500	1	0
2582580502	2	0
2582580503	1	0
2582580713	7	0
2582580720	7	0
2582580721	2	0
2582580726	4	0
2582580727	5	1
2582580728	4	1
2582580729	1	0
2582580730	1	0
2582580731	3	0
2582580732	7	0
2582580733	2	0
2582580744	2	0
2582580745	3	0
2582580746	1	0
2582580747	0	0
2582580748	2	1
2582580749	5	0
2582580750	2	0
2582580751	3	0
2582581225	2	0
2582581226	2	0
2582581238	3	1
2582581239	8	0
2582581240	2	0
2582581241	4	0
2582581242	1	0
2582581250	1	0
2582581251	6	0
2582581252	11	0
2582581258	2	0
2582581260	1	0
2582581261	6	1
2582581262	2	1
2582581263	8	1
2582581264	1	0
2582581265	4	0
2582581266	2	0
2582581267	3	0
2582581268	4	1
2582581269	4	1
2582581270	3	0
2582581271	8	0
2582581272	1	0
2582581273	1	1
2582581274	2	0
2582581275	1	2
2582581276	7	0
2582581277	1	2
2582581278	1	0
2582581279	3	0
2582581280	2	0
2582581281	2	0
2582581282	2	0
2582581283	1	0
2582581293	2	0
2582581294	2	0
2582581295	2	0
2582581296	1	1
2582581297	2	1
2582581298	1	0
2582581299	1	0
2582581300	7	0
2582581301	8	0
2582581302	4	0
2582581304	2	0
2582581305	3	0
2582581306	1	0
2582581307	1	0
2582581308	1	0
2582581311	1	0
2582581312	1	0
2582581313	2	0
2582581314	4	0
2582581315	2	0
2582581316	1	0
2582581317	3	0
2582581318	1	0
2582581319	3	0
2582581320	1	0
2582581321	0	0
2582581322	2	0
2582581323	0	2
2582581324	1	0
2582581325	2	0
2582581326	3	0
2582581379	3	0
2582581865	1	0
2582581866	1	0
2582581867	1	0
2582581868	3	0
2582581869	3	0
2582581870	5	0
2582581871	0	1
2582581872	1	0
2582581873	1	0
2585427525	4	0
2585427526	1	0
2585427527	1	0
2585427528	1	0
2585427529	1	0
2585427530	1	0
2585427531	1	0
2585427554	3	0
2585427555	3	0
2585427556	2	0
2585427557	3	0
2585427558	3	0
2585427559	4	0
2585427560	3	0
2585427561	3	0
2585427562	3	0
2585427589	2	0
2585427590	1	0
2585427591	3	0
2585427592	3	1
2585427593	1	0
2585427594	2	1
2585427595	2	0
2585427596	2	2
2585427597	2	1
2585427598	3	1
2585427599	7	0
2585427600	4	0
2585427601	0	1
2585427602	2	0
2585427607	3	0
2585427608	1	0
2585427609	1	0
2585427610	3	0
2585427611	1	1
2585428042	4	0
2585428043	3	1
2585428044	3	0
2585428045	0	1
2585428046	3	0
2585428056	3	0
2585428057	3	0
2585428058	3	0
2585428059	8	3
2585428060	0	0
2585428061	1	0
2585428062	1	0
2585428063	6	0
2585428064	4	0
2585428065	9	1
2585428066	3	1
2585428067	8	1
2585428068	3	1
2585428069	11	2
2585428070	5	2
2585428071	7	0
2585428073	1	0
2585428074	3	0
2585428075	6	0
2585428076	0	0
2585428077	5	0
2585428078	5	1
2585428079	5	1
2585428080	1	0
2585428081	6	0
2585428082	9	0
2585428083	2	0
2585428084	6	0
2585428085	4	0
2585428086	3	0
2585428087	4	0
2585428088	5	0
2585428089	7	0
2585428090	3	1
2585428091	3	0
2585428092	1	0
2585428093	2	2
2585428094	1	0
2585428095	1	0
2585428096	5	1
2585428097	6	0
2585428098	7	1
2585428099	8	1
2585428100	7	0
2585428101	6	1
2585428102	5	0
2585428103	8	1
2585428104	10	0
2585428105	6	0
2585428106	1	0
2585428115	1	1
2585428116	4	0
2585428117	3	0
2585428125	1	0
2585428133	1	0
2585428141	0	0
2585428142	3	0
2585428143	4	0
2585428144	2	1
2585428145	2	1
2585428146	6	0
2585428147	4	0
2585428148	10	0
2585428149	1	0
2585428150	3	2
2585428153	4	1
2585428154	4	0
2585428155	1	1
2585428156	1	0
2585428157	2	0
2585428170	1	1
2585428171	3	1
2585428172	2	0
2585428173	5	0
2585428174	6	2
2585428175	11	1
2585428176	1	0
2585428181	1	0
2585428182	0	0
2585428183	1	0
2585428184	1	0
2585428185	1	0
2585428186	6	0
2585428187	1	0
2585428188	3	0
2585428189	3	2
2585428190	3	0
2585428191	7	1
2585428192	1	1
2585428193	6	0
2588253501	1	0
2588253509	7	0
2588253510	4	0
2588253511	5	0
2588253517	2	0
2588253518	2	0
2588253519	5	0
2588253712	1	0
2588253727	4	0
2588254255	0	0
2588254257	1	0
2588254259	4	0
2588254263	3	0
2588254267	2	0
2588254269	3	0
2588254270	9	0
2588254271	1	0
2588254291	12	0
2588254304	1	0
2588254305	1	0
2590828806	0	0
2590828807	2	0
2590828815	2	0
2590828816	3	0
2590828817	2	0
2590828823	1	0
2590828854	4	0
2590828855	3	1
2590828856	6	0
2590828857	4	0
2590828858	2	1
2590828860	3	0
2590828861	2	0
2593339127	2	0
2593339128	4	1
2593339129	0	2
2593339130	3	0
2593339131	9	0
2593339134	2	0
2593339137	3	1
2593339138	5	0
2593339139	3	0
2593339140	6	0
2593339141	15	0
2593339144	6	0
2593339145	4	0
2593339146	4	1
2593339147	5	1
2593339148	3	0
2593339149	2	1
2593339150	1	0
2593339151	2	0
2593339152	1	0
2593339153	2	0
2593339154	1	0
2593339155	6	0
2593339156	6	0
2593339157	3	1
2593339158	5	1
2593339159	4	0
2593339162	3	2
2593339163	2	0
2593339164	3	0
2593339165	3	0
2593339166	2	0
2593339167	1	0
2593339195	2	0
2593339196	3	0
2593339197	0	0
2593339198	7	0
2593339199	9	0
2593339200	3	0
2593339208	2	0
2593339209	5	0
2593339210	3	0
2593339211	6	1
2593339212	1	0
2593339213	2	0
2593339214	5	1
2593339215	5	1
2593339216	5	0
2593339217	4	0
2593339219	3	1
2593339220	5	0
2593339221	4	1
2593339222	5	0
2593339223	2	0
2593339224	5	1
2593339225	2	1
2593339226	2	0
2593339236	4	0
2593339237	4	0
2593339238	0	1
2593339239	0	1
2593339240	6	1
2593339241	2	1
2593339242	4	0
2593339243	3	0
2593339244	5	0
2593339245	12	0
2593339252	3	0
2593339253	3	0
2593339254	4	1
2593339255	2	0
2593339256	7	0
2593339257	1	0
2593339258	0	0
2593339259	2	0
2593339260	1	1
2593339266	2	0
2593339267	2	1
2593339268	2	0
2593339269	3	0
2593339270	7	0
2593339271	3	0
2593339272	4	0
2593339273	0	0
2593339274	2	0
2593339275	0	0
2593339276	3	0
2593339277	3	0
2593339278	2	0
2593339279	1	0
2593339280	1	0
2593339281	3	0
2593339282	2	0
2593339283	3	0
2593339284	1	0
2593339285	4	0
2593339286	2	0
2593339287	1	2
2593339288	3	0
2593339289	1	0
2593339290	2	0
2593339291	1	0
2593339292	1	0
2593339293	3	0
2593339294	1	0
2593339295	0	0
2593339298	1	0
2593339299	1	0
2593339300	1	0
2593339301	1	0
2593339302	2	1
2593339303	2	0
2593339304	4	0
2595698202	3	1
2595698203	1	0
2595698204	4	0
2595698205	2	0
2595698206	2	0
2595698207	4	0
2595698208	2	0
2595698209	1	0
2595698210	1	0
2595698211	1	0
2595698212	1	0
2595698215	4	0
2595698216	4	0
2595698217	7	0
2595698218	2	0
2595698219	4	0
2595698220	1	0
2595698221	4	0
2595698222	7	0
2595698223	2	0
2595698224	1	0
2595698225	4	0
2595698227	5	0
2595698228	4	1
2595698237	2	0
2595698238	4	1
2595698239	6	0
2595698240	4	0
2595698241	4	2
2595698242	5	1
2595698243	4	0
2595698246	2	0
2595698247	0	0
2595698248	1	0
2595698249	1	1
2595698250	3	1
2595698251	4	0
2595698252	2	0
2595698253	5	0
2595698254	5	0
2595699002	0	0
2595699003	0	0
2595699004	1	0
2595699005	0	0
2595699006	2	0
2595699007	4	0
2595699008	1	0
2595699009	1	0
2596583511	2	0
2596583522	4	1
2596583523	1	0
2596583524	1	0
2596583525	1	0
2596583529	3	0
2596583530	2	0
2596583531	1	0
2596583532	6	0
2596583533	6	0
2596583534	1	1
2596583535	7	0
2596583536	5	0
2596583537	3	1
2596583538	4	0
2596583539	1	1
2596583540	4	1
2596583541	1	1
2596583542	4	0
2596583543	3	1
2596583544	2	0
2596583545	9	0
2596583546	3	0
2596583547	1	0
2596583548	2	0
2596583549	1	0
2596583555	2	0
2596583556	1	0
2596583557	1	0
2596583558	0	0
2596583559	1	0
2596583560	1	0
2596583561	1	0
2596583569	4	0
2596583570	1	0
2596583571	2	0
2596583572	1	0
2596583573	0	0
2596583574	3	0
2596583575	1	0
2596583576	1	0
2596583577	2	0
2596583578	2	0
2596583579	1	0
2596583580	0	1
2596583581	3	0
2596583582	3	0
2596583583	0	1
2596583584	1	0
2596583585	1	0
2596583586	8	0
2596583587	1	0
2596583595	2	1
2596583597	3	0
2596583598	2	0
2596583599	2	0
2596583600	2	0
2596583601	4	0
2596583602	5	0
2596583603	3	0
2596583604	3	1
2596583606	3	0
2596583621	3	0
2596583622	2	0
2596583623	4	0
2596583624	3	0
2596583625	2	0
2596583626	7	0
2596583627	2	0
2596583628	1	0
2596583629	1	0
2596583642	2	0
2596583643	4	0
2596583644	4	0
2596583645	0	0
2596583647	1	0
2596583648	3	0
2596583649	0	2
2596583650	1	0
2596583651	1	0
2596583652	1	0
2596583654	7	0
2596583655	3	0
2596583656	2	1
2596583657	1	0
2596583658	2	3
2596583659	3	1
2596583660	3	0
2596583671	2	0
2596583672	4	0
2596583673	4	0
2596583674	4	0
2596583675	2	1
2596583676	1	0
2596583677	2	0
2596583681	2	0
2596583682	1	0
2596583683	2	0
2596583684	5	0
2596583685	1	0
2596583686	7	0
2596583687	1	0
2596583688	1	0
2596583689	1	0
2596583690	4	0
2596583692	1	0
2596583693	4	0
2596583694	1	0
2596583696	6	0
2596583697	6	0
2596583698	2	0
2596583699	6	0
2596583700	2	1
2596583701	2	0
2596583702	3	1
2596583703	4	2
2597490334	1	1
2597490335	2	0
2597490336	3	0
2597490338	2	0
2597490339	2	1
2597490340	1	0
2597490341	1	0
2597490342	1	0
2597490343	1	0
2597490344	1	0
2597490345	1	0
2597490346	1	0
2597490347	1	0
2597490348	2	0
2597490349	4	0
2597490350	3	0
2597490351	1	0
2597490352	1	1
2597490353	1	1
2597490354	2	0
2597490355	1	0
2597490356	10	0
2597490357	4	0
2597490358	2	2
2597490362	1	0
2597490363	1	0
2597490364	2	0
2597490365	3	3
2597490366	5	0
2597490367	7	0
2597490368	3	2
2597490369	2	0
2597490370	1	0
2597490371	4	0
2597490373	2	0
2597490374	3	0
2597490375	4	0
2597490376	2	0
2597490377	2	0
2597490378	1	0
2597490379	1	0
2599185144	3	1
2599185145	1	0
2599185146	3	0
2599185147	1	0
2599185148	1	0
2599185149	3	0
2599185150	4	0
2599185152	2	1
2599185153	4	0
2599185155	0	0
2599185156	1	0
2599185160	2	0
2599185161	1	0
2599185162	1	0
2599185163	1	0
2599185164	2	0
2599185165	2	0
2599185166	1	0
2599185167	1	0
2599185168	1	0
2599185169	7	1
2599185170	3	0
2599185171	4	0
2599185172	3	0
2599185173	2	0
2599185174	6	1
2599185175	5	1
2599185176	2	0
2599185177	1	0
2599185178	1	0
2599185179	1	0
2599185180	3	1
2599185181	2	0
2599185182	0	0
2599185183	4	0
2599185184	1	0
2599185185	0	1
2599185186	2	0
2599185187	4	0
2599185188	1	0
2599185189	0	0
2599185190	0	0
2599185191	0	0
2599185192	4	0
2599185193	3	0
2599185194	3	0
2599185195	4	0
2599185196	2	0
2599185197	4	0
2599185202	4	0
2599185203	5	0
2599185204	3	0
2599185205	3	0
2599185206	3	1
2599185207	1	0
2599185208	2	0
2599185209	2	0
2599185210	1	0
2599185211	1	0
2599185212	0	0
2599185213	3	1
2599185214	1	0
2599185215	0	0
2599185216	2	0
2599185217	1	0
2599185218	6	0
2599185219	1	1
2599185220	2	0
2599185221	3	0
2599185222	8	0
2599185223	5	0
2599185224	2	0
2599185225	5	0
2599185226	1	0
2599185227	4	0
2599185228	3	0
2599185229	1	0
2599185230	4	0
2599185231	2	0
2599185232	6	0
2599185233	2	0
2599185234	1	1
2599185235	2	1
2599185236	3	0
2599185237	2	0
2599185238	1	0
2599185239	1	0
2599185240	3	0
2599185245	3	0
2599185247	1	0
2599185248	0	0
2599185257	1	0
2599185259	2	1
2599185260	3	0
2599185261	1	0
2599185262	1	1
2599185263	5	0
2599185264	8	0
2599185265	1	0
2599185266	1	1
2599185267	2	0
2599185268	1	0
2599185271	4	0
2599185272	3	0
2599185288	0	1
2599185289	0	0
2599185290	1	0
2599185291	0	1
2599185292	0	1
2599185297	1	0
2599185298	5	0
2599185299	3	0
2599185300	0	1
2599185301	1	0
2599185302	1	0
2599185303	0	1
2599185304	1	0
2599185305	0	1
2599185306	1	0
2599185307	1	0
2599185308	0	0
2599185309	1	0
2599185310	1	0
2599185311	1	0
2599185312	0	1
2599185313	1	1
2599185314	0	0
2599185315	0	0
2599185316	0	0
2599185317	0	0
2599185318	0	0
2599185319	1	0
2599185320	1	0
2599185321	0	0
2599185322	0	0
2599185323	0	1
2599185324	0	0
2599185325	0	0
2599185326	1	0
2599185335	0	1
2599185352	1	1
2599185353	4	1
2599185354	2	0
2599185355	3	0
2599185356	2	0
2599185358	4	0
2599185359	1	0
2600254929	2	1
2600254930	0	0
2600254931	1	0
2600254933	3	0
2600254943	4	0
2600254954	1	0
2600254955	2	0
2600255254	7	0
2600255255	5	0
2600255256	5	0
2600255257	4	0
2600255258	1	0
2600255279	3	0
2600255280	7	0
2600255281	6	1
2600255283	1	0
2600255286	9	0
2600255287	4	0
2600255288	5	0
2600255289	5	0
2600255290	5	0
2600255291	3	0
2600255292	3	0
2600255293	4	0
2600255296	1	0
2600255298	5	0
2600255299	5	0
2600255300	6	0
2600255301	6	0
2600255302	5	0
2600255303	4	0
2600255304	7	0
2600255305	7	0
2600255307	7	0
2600255308	1	0
2600255309	5	1
2600255310	4	0
2600255311	6	0
2600255313	2	0
2600255316	3	0
2600255318	0	1
2600255389	1	0
2600255390	1	0
2600255392	3	1
2600255393	1	0
2602042025	2	0
2602042026	3	2
2602042027	0	0
2602042028	1	0
2602042029	2	0
2602042030	4	1
2602042031	4	0
2602042032	4	0
2602042045	3	1
2602042046	7	0
2602042047	3	1
2602042050	2	1
2602042052	3	0
2602042053	5	0
2602042066	3	1
2602042067	7	0
2602042068	3	0
2602042071	9	0
2602042072	2	0
2602042075	2	0
2602042078	7	0
2602042090	4	0
2602042103	6	0
2602042104	5	0
2602042105	6	0
2602042106	3	1
2602042107	2	0
2602042109	2	1
2602042110	8	0
2602042111	3	0
2603880178	8	0
2603880184	5	0
2603880185	1	1
2603880186	1	0
2603880187	1	0
2603880199	0	1
2603880202	4	0
2603880211	5	0
2603880214	14	0
2603880215	4	0
2603880217	7	0
2603880219	3	0
2603880220	10	0
2606217201	3	0
2606217240	1	0
2606217257	1	0
2606217259	1	0
2606217270	2	0
2606217271	1	0
2606217272	2	0
2606217273	6	0
2606217274	1	0
2606217275	1	0
2606217276	3	0
2606217277	2	0
2606217279	4	0
2606217280	2	0
2606217282	1	0
2606217295	1	0
2606217300	2	0
2606217304	3	0
2606217305	2	0
2606217306	1	0
2606217307	2	0
2606217308	4	0
2606217321	2	0
2606217322	5	0
2606217323	4	0
2606217327	1	0
2606217351	4	0
2606217368	6	0
2606217369	2	0
2606217371	1	0
2606217372	1	0
2606217374	4	0
2606217375	2	0
2606217395	6	0
2606217398	9	0
2606217400	2	0
2606217402	2	0
2606217457	2	0
2606217460	3	0
2606217461	2	0
2606217462	2	0
2606217464	6	0
2606217469	4	0
2606217472	1	0
2606217485	5	0
2606217490	2	0
2606217505	1	0
2606217506	3	0
2606217508	1	0
2606217509	2	0
2606217510	5	0
2606217514	2	0
2606217523	2	0
2606217525	1	0
2606217540	14	0
2606217548	2	0
2606217559	1	0
2606217562	2	0
2606217563	11	0
2606217568	13	0
2606217582	6	0
2606217604	4	0
2606217610	2	0
2606217611	3	0
2606217615	4	0
2606217619	2	0
2606217620	3	0
2606217649	5	0
2606217670	1	0
2606217693	2	0
2606217694	5	0
2606217695	1	0
2606217696	5	0
2606217697	9	0
2606217698	1	0
2606217699	1	0
2606217704	6	0
2606217706	2	0
2606217707	2	0
2606217708	1	0
2606217710	4	0
2606217714	6	0
2606217727	3	0
2606217733	1	0
2606217736	3	1
2606217737	2	0
2606217738	6	0
2606217744	6	0
2606217751	2	0
2606217752	3	0
2606217753	2	0
2606217754	2	0
2606217755	2	0
2606217756	1	0
2606217757	4	0
2606217758	4	0
2606217759	3	0
2606217760	4	1
2606217761	6	0
2606217762	2	0
2606217763	1	0
2606217764	5	0
2606217765	3	0
2606217797	1	0
2606217798	5	0
2606217799	4	0
2606217800	2	1
2606217805	5	1
2606217806	4	0
2606217810	2	0
2606217811	4	0
2606217812	3	0
2606217814	1	0
2606217815	4	0
2608642100	4	0
2608642105	0	0
2608642106	1	3
2608642107	0	0
2608642165	2	0
2608642166	2	0
2608642167	7	0
2608642168	3	0
2608642181	0	1
2608642189	0	1
2608642216	3	0
2608642217	1	0
2608642220	1	1
2608642243	1	0
2608642260	8	0
2609459615	3	0
2609459631	3	0
2609459632	5	1
2609459633	1	0
2609459641	2	0
2609459642	4	0
2609459643	6	0
2609459644	2	0
2609459674	2	1
2609459675	0	0
2609459710	1	0
2609459711	3	0
2609459712	0	1
2609459724	0	1
2609459726	4	0
2609459727	6	0
2609459734	0	1
2609459735	2	0
2609459736	2	0
2609459737	2	0
2609459738	4	1
2609459739	0	0
2609459740	2	0
2609459741	1	0
2609459742	4	1
2609459743	2	0
2609459751	2	0
2609459760	1	0
2609459761	6	0
2609459762	4	0
2609459763	4	0
2609459764	3	0
2609459765	1	1
2609459766	1	0
2609459767	3	0
2609459768	3	2
2615840522	3	0
2615840523	1	0
2615840524	7	0
2615840527	2	0
2615840528	14	0
2615840533	4	0
2615840536	5	0
2615840537	8	0
2615840538	9	2
2615840539	6	1
2615840540	1	0
2615840541	3	0
2615840592	1	0
2615840593	10	0
2615840594	3	0
2615840595	1	0
2615840601	3	0
2615840602	1	0
2615840603	2	0
2615840604	6	0
2615840605	1	0
2615840606	5	0
2615840607	5	0
2615840608	6	0
2615840609	1	0
2615840610	5	0
2615840611	2	1
2615840612	1	2
2615840613	1	0
2615840614	3	0
2615840615	5	0
2615840616	5	2
2615840617	4	0
2615840623	3	1
2615840624	1	0
2615840625	2	0
2615840626	1	0
2615840633	2	0
2615840634	8	0
2615840635	1	0
2615840636	2	0
2615840637	3	0
2615840638	4	0
2615840639	1	0
2615840640	1	0
2615840641	4	0
2615840642	2	0
2615840643	1	0
2615840644	3	1
2615840645	1	1
2615840646	1	0
2615840648	10	0
2615840649	3	0
2615840657	1	0
2615840658	11	0
2615840681	3	0
2615840685	10	0
2615840696	5	1
2615840697	3	0
2615840698	1	0
2615840705	3	1
2615840706	1	0
2615840707	1	0
2615840708	2	0
2615840709	1	0
2615840710	3	1
2615840711	1	0
2615840712	1	0
2615840713	1	0
2615840715	2	0
2615840716	1	0
2615840717	2	0
2615840718	2	0
2615840719	2	0
2615840720	2	0
2615840721	1	0
2615840722	6	0
2615840723	1	3
2615840724	3	0
2616644807	4	0
2616644808	3	0
2616644809	4	0
2616644810	1	0
2616644811	3	0
2616644812	1	0
2616644813	1	0
2616644814	3	0
2616644817	3	1
2616644818	3	0
2616644820	2	0
2616644821	3	0
2616644822	3	0
2616644829	3	0
2616644830	4	3
2616644831	3	0
2616644832	1	0
2616644833	2	0
2616644834	2	0
2616644843	1	1
2616644844	1	0
2616644845	3	0
2616644846	3	2
2616644847	2	0
2616644927	5	0
2616644941	1	0
2616644975	5	0
2616644976	5	1
2616644978	7	0
2616644986	2	0
2616645010	4	0
2616645019	7	0
2616645037	7	0
2617270705	3	0
2617270709	4	0
2617270721	6	0
2617270727	2	0
2617270728	7	0
2617270730	2	0
2617270731	2	1
2617270732	2	0
2617270733	3	0
2617270735	1	0
2617270736	9	0
2617270737	2	1
2617270738	1	0
2617270739	2	1
2617270740	7	0
2617270741	1	0
2617270742	2	1
2617270757	7	1
2617270759	6	0
2617270760	1	0
2617270761	3	0
2617270762	4	0
2617270763	0	0
2617270764	3	0
2617270765	4	0
2617270766	1	0
2617270767	5	0
2617270768	6	0
2617270769	4	1
2617270770	3	1
2617270777	3	0
2617270778	5	0
2617270779	1	1
2617270780	3	0
2617270781	1	0
2617270782	8	0
2617270783	3	0
2617270784	0	0
2617270785	2	0
2617270786	4	0
2617270787	1	0
2617270788	7	0
2617270789	0	0
2617270790	5	0
2617270824	2	0
2617270825	2	0
2617270826	2	0
2617270827	4	0
2617270828	1	0
2617270829	4	0
2617270830	3	1
2617270831	2	0
2617270834	3	0
2617270835	6	1
2617270836	1	0
2617270856	2	0
2617270859	3	0
2617270870	1	0
2617270871	4	0
2617270872	3	0
2617270873	1	0
2617270874	1	0
2617270875	1	0
2617270876	3	0
2617270877	1	0
2617270878	2	0
2617270879	2	0
2617270880	3	1
2617270881	1	0
2617270882	1	0
2617270883	3	0
2617270884	1	0
2617270885	1	0
2617270886	4	0
2617270887	1	0
2617270895	2	0
2617270898	3	0
2617270899	3	0
2617270900	3	0
2617270901	6	0
2617270902	1	0
2617270903	0	1
2617270904	5	1
2617270905	2	0
2617270906	4	2
2617270907	1	0
2617270908	1	0
2617270909	6	1
2617270910	5	0
2617270911	7	0
2617270912	4	0
2617270913	2	0
2617270914	3	0
2617270915	1	0
2617270916	2	0
2617270917	2	0
2617270918	1	0
2617270919	4	0
2617270920	0	0
2617270922	2	0
2617270923	4	0
2617270924	1	0
2617270925	4	0
2617270926	7	0
2617270927	5	1
2617270928	1	1
2617270929	0	0
2617270930	4	0
2617270931	1	0
2617270932	4	0
2617270933	0	1
2617270934	8	0
2617270935	1	0
2617270936	2	0
2619618817	2	0
2619618818	2	1
2619618819	1	0
2619618821	7	0
2619618822	6	0
2619618823	5	0
2619618824	4	0
2619618825	1	1
2619618835	3	0
2619618836	6	0
2619618868	4	0
2619618869	2	1
2619618871	5	0
2619618872	3	0
2619618873	1	0
2619618894	2	0
2619618938	4	0
2619618939	1	0
2619618957	5	0
2619618958	1	0
2619618959	4	0
2619618960	4	0
2619618961	1	0
2619618962	1	0
2619618990	0	1
2619618994	1	0
2619618995	0	1
2619618996	2	0
2619618997	1	0
2619619004	1	0
2619619005	2	1
2619619006	5	0
2619619007	3	1
2619619008	5	0
2619619009	2	0
2619619010	5	0
2619619011	3	0
2619619019	6	0
2619619023	4	0
2619619026	1	0
2619619027	3	0
2619619028	3	0
2619619029	1	1
2619619030	1	0
2619619031	3	0
2619619032	3	0
2619619033	6	0
2619619034	5	0
2619619035	3	0
2619619036	2	0
2619619037	1	0
2619619038	2	0
2619619046	1	0
2619619047	3	0
2619619048	4	0
2619619049	1	0
2619619073	7	0
2619619074	13	0
2619619079	1	0
2619619082	1	0
2619619094	4	0
2619619097	1	0
2619619641	3	0
2619619642	1	0
2619619643	1	0
2619619644	3	0
2619619645	3	0
2622736423	2	1
2622736429	0	1
2622736430	1	0
2622736431	1	0
2622736432	3	1
2622736433	4	0
2622736434	0	0
2622736435	1	0
2622736436	2	0
2622736437	4	0
2622736438	1	0
2622736446	1	0
2622736459	1	0
2622736476	5	0
2622736498	2	0
2622736499	1	0
2622736500	1	0
2622736501	1	0
2622736502	1	0
2622736503	1	0
2622736504	3	0
2622736505	1	0
2622736506	2	0
2622736507	2	1
2622736508	4	2
2622736509	1	0
2622736510	2	1
2622736511	2	0
2622736512	1	0
2622736513	4	0
2622736514	0	0
2622736515	1	0
2622736517	2	0
2622736518	2	0
2622736519	4	0
2622736520	2	1
2622736521	4	1
2622736522	1	0
2622736523	0	0
2622736524	0	0
2622736525	1	0
2622736526	0	1
2622736527	1	0
2622736529	12	1
2622736530	1	0
2622736531	5	0
2622736532	2	0
2622736533	1	0
2622736534	4	0
2622736535	3	0
2622736536	1	0
2622736537	3	0
2622736538	0	0
2622736539	2	0
2622736540	2	0
2622736541	2	0
2622736542	1	0
2622736579	5	0
2622736580	2	0
2622736581	2	0
2622736582	5	0
2622736583	2	0
2622736584	3	0
2622736585	2	0
2622736586	0	1
2622736587	2	0
2622736588	8	0
2622736589	2	0
2622736590	2	0
2622736591	3	0
2622736592	4	1
2622736593	1	0
2622736594	0	1
2622736595	2	0
2622736598	1	0
2622736599	2	0
2622736603	3	0
2622736604	3	0
2622736605	3	0
2622736606	4	0
2622736608	4	0
2622736609	2	0
2622736610	9	0
2622736611	2	0
2622736612	2	2
2622736613	3	0
2622736626	3	0
2622736627	8	0
2622736628	9	0
2622736631	4	0
2622736636	1	0
2622736637	1	0
2623620396	3	0
2623620441	7	0
2623620451	3	0
2623620452	6	0
2623620453	5	0
2623620454	6	0
2623620455	4	0
2623620456	5	0
2623620457	1	0
2623620458	3	1
2623620459	0	0
2623620473	3	0
2623620474	3	0
2623620475	5	0
2623620476	1	2
2623620477	2	0
2623620478	4	0
2623620479	3	0
2623620480	4	0
2623620481	4	0
2623620482	4	0
2623620483	2	0
2623620484	1	0
2623620485	1	0
2623620486	4	0
2623620487	3	1
2623620508	4	0
2623620509	3	0
2623620510	1	1
2623620511	1	0
2623620512	3	0
2623620513	10	0
2623620514	4	0
2623620515	2	0
2623620516	1	1
2623620517	2	0
2623620518	1	0
2623620519	4	0
2623620520	3	0
2623620521	3	1
2623620522	2	0
2623620524	3	0
2623620525	2	0
2623620551	4	0
2623620552	4	0
2623620554	4	0
2623620555	9	0
2623620556	2	0
2623620557	3	0
2623620567	4	0
2623620569	4	0
2623620579	2	2
2623620580	2	0
2623620583	2	0
2623620585	6	0
2623620609	4	0
2623620610	3	0
2623620611	3	0
2623620612	3	0
2623620613	1	0
2623620614	3	0
2623620615	7	0
2623620617	6	0
2623620618	6	0
2623620621	2	0
2623620625	1	2
2623621014	1	0
2623621019	2	0
2623621020	1	0
2623621021	5	1
2623621022	4	0
2623621023	2	0
2626541589	5	0
2627853554	3	0
2627853595	2	0
2627853598	3	0
2627853599	4	0
2627853600	2	0
2627853601	2	0
2627853602	2	0
2627853606	2	0
2627853607	4	0
2627853609	3	0
2627854283	4	0
2627854284	3	0
2627854285	3	0
2627854286	5	0
2627854287	6	0
2627854288	5	0
2627854289	4	0
2627854290	4	0
2627854291	6	0
2630968219	1	0
2630968261	5	0
2630968262	3	0
2630968263	3	0
2630968264	4	0
2630968289	4	0
2630968292	4	0
2630968293	3	0
2630968294	3	0
2630968301	2	0
2630968302	2	0
2630968572	6	0
2630968672	10	0
2630968996	2	0
2630968997	4	0
2630969010	2	0
2630969012	4	0
2634166153	3	0
2634166154	1	0
2634166170	4	0
2634166172	4	0
2634166173	2	0
2634166182	3	0
2634166197	6	0
2634166198	4	0
2634166199	5	0
2634166206	6	0
2634166273	4	0
2634166274	6	0
2634166275	4	0
2634166276	4	0
2634166279	2	0
2634166280	7	0
2634166281	2	0
2634166282	5	0
2634166294	4	0
2634166295	1	0
2634166296	1	0
2634166297	2	0
2634166298	3	0
2634166299	2	0
2634166300	2	1
2634166301	2	0
2634166302	1	0
2634166303	2	0
2634166304	3	0
2634166305	4	0
2634166306	2	0
2634166307	2	0
2634166308	4	0
2634166309	1	0
2634166310	1	1
2634166311	4	0
2634166313	2	0
2634166314	2	0
2634166315	1	0
2634166316	1	0
2634166317	3	0
2634166318	1	1
2634166319	1	0
2634166320	4	0
2634166321	3	0
2634166322	8	1
2634166323	6	0
2634166324	4	1
2634166325	4	0
2634166326	4	0
2634166327	4	0
2634166328	1	1
2634166329	2	0
2634166330	1	0
2634166331	1	3
2634166332	7	0
2634166333	4	0
2634166334	4	0
2634166335	6	0
2634166336	3	0
2634166337	3	0
2634166338	5	0
2634166339	4	0
2634166340	6	0
2634166341	3	0
2634166342	2	0
2634166343	4	0
2634166344	4	0
2634166345	2	0
2634166346	1	0
2634166347	2	0
2634166348	4	0
2634166349	8	0
2634166350	5	0
2634166351	3	1
2634166352	1	1
2634166353	3	0
2634166354	4	0
2634166355	1	0
2634166356	7	0
2634166357	1	0
2634166358	6	0
2634166359	2	0
2634166360	2	0
2634166362	4	0
2634166363	2	0
2634166369	2	0
2634166370	2	0
2634166371	6	0
2634166372	1	0
2634166373	6	0
2634166410	3	0
2634166516	1	0
2634166531	4	0
2634166548	3	0
2634166549	5	0
2634166551	5	0
2634166628	7	0
2634166844	3	0
2634166896	2	0
2634166897	2	0
2634166899	4	0
2634166900	6	1
2634166901	4	0
2634166902	7	1
2634166903	0	0
2634166904	2	0
2636415640	7	0
2636415642	7	0
2636415968	3	0
2636415974	2	0
2636415975	5	0
2636415976	1	0
2636415977	1	0
2636415978	3	0
2636415982	2	0
2636416004	6	0
2636416005	2	0
2636416006	2	0
2636416017	5	0
2636416018	4	0
2636416019	5	0
2636416020	6	0
2636416021	3	0
2636416022	2	0
2636416028	3	0
2636416034	2	0
2636416037	6	0
2636416038	8	0
2636416040	1	0
2636416043	2	1
2636416046	9	0
2636416047	2	0
2636416048	1	0
2636416051	3	0
2636416056	1	0
2636416057	1	0
2636416058	3	0
2636416059	0	1
2636416060	5	1
2636416063	1	0
2636416064	5	0
2636416065	5	0
2636416066	0	0
2636416067	2	0
2636416068	7	0
2636416069	8	0
2636416070	8	0
2636416071	7	1
2636416072	5	0
2636416073	3	0
2636416074	5	1
2636416078	6	0
2636416079	7	1
2636416080	1	0
2636416082	3	0
2636416083	6	0
2636416085	4	0
2636416124	1	0
2636416169	6	0
2636416171	9	0
2636416172	10	0
2636416173	9	0
2636416174	10	0
2636416175	0	0
2636416176	6	0
2636416177	4	0
2636416187	6	0
2636416188	8	0
2636416189	9	0
2636416190	7	0
2636416191	5	0
2636416192	1	0
2636416193	5	0
2639762506	6	0
2639762507	2	1
2639762508	2	0
2639762509	5	0
2639762518	7	0
2639762519	7	0
2639762521	2	0
2639762524	10	0
2639762525	4	0
2639762526	1	0
2639762527	11	0
2639762528	10	0
2639762559	3	0
2639762560	7	0
2639762561	7	1
2639762562	2	0
2639762563	2	0
2639762564	2	0
2639762567	1	0
2639762568	10	0
2639762569	3	0
2639762573	1	0
2639762574	3	0
2639762575	1	0
2639762576	6	0
2639762577	5	0
2639762578	2	0
2639762579	3	0
2639762580	3	1
2639762581	2	0
2639762588	7	0
2639762589	1	0
2639762602	5	0
2639762615	2	0
2639762616	2	0
2639762617	2	0
2639762618	7	0
2639762619	9	0
2639762620	1	0
2639762621	3	0
2639762622	10	0
2639762630	3	0
2639762631	3	0
2639762632	8	1
2639762633	5	0
2639762634	9	0
2639762635	1	0
2639762637	5	0
2639762638	9	0
2639762639	1	0
2639762651	7	0
2639762655	7	0
2639762659	2	0
2639762660	3	0
2639762661	1	0
2639762662	1	0
2639762715	5	0
2639763190	5	0
2639763195	5	0
2639763196	6	0
2639763197	7	0
2639763198	1	0
2639763199	1	0
2639763200	1	0
2642422515	1	0
2642422516	6	0
2642422517	4	0
2642422525	9	0
2642422537	2	0
2642422539	4	0
2642422540	4	0
2642422541	7	0
2642422542	1	1
2642422543	3	1
2642422544	3	0
2642422545	5	1
2642422546	2	0
2642422547	3	0
2642422548	3	0
2642422549	2	0
2642422550	4	0
2642422554	5	0
2642422555	3	0
2642422556	1	1
2642422557	6	0
2642422558	3	0
2642422559	2	0
2642422560	4	0
2642422561	4	0
2642422567	3	0
2642422585	1	0
2642422586	2	0
2642422587	3	0
2642422588	3	0
2642422592	2	0
2642422606	4	0
2643221409	0	1
2643221442	2	0
2643221445	3	0
2645727629	5	0
2645728113	6	0
2645728182	4	0
2648501322	2	0
2651869596	3	0
2651869922	1	0
2651869923	0	0
2651870011	1	0
2651870102	1	0
2651870103	6	0
2651870104	1	0
2651870105	3	0
2651870106	4	0
2651870107	3	0
2651870108	1	0
2651870109	2	0
2651870110	0	1
2651870111	4	1
2651870112	5	0
2651870113	1	0
2651870114	4	0
2651870115	1	0
2651870116	10	0
2651870117	4	0
2651870118	1	0
2651870119	3	0
2651870120	2	1
2651870121	3	0
2651870122	1	0
2651870123	2	0
2651870124	2	0
2651870125	2	0
2651870126	2	0
2651870127	2	0
2651870128	1	0
2651870129	2	0
2651870130	1	0
2651870170	4	1
2651870171	5	0
2651870172	8	1
2651870173	2	2
2651870174	6	0
2651870175	4	0
2651870176	5	0
2651870304	2	0
2651870305	2	0
2651870306	2	2
2651870307	2	0
2651870308	2	0
2651870309	2	1
2651870312	2	0
2651870313	2	1
2651870314	2	0
2651870315	4	2
2651870316	3	1
2651870317	2	0
2651870318	2	2
2651870319	3	0
2651870320	4	0
2651870321	5	0
2651870357	2	0
2651870358	1	1
2651870359	2	0
2651870360	2	0
2651870361	5	0
2651870362	5	0
2651870363	4	0
2651870364	6	0
2654587879	1	0
2654587880	2	2
2654587881	1	0
2654587882	2	0
2654587883	4	0
2654587884	3	0
2654587885	2	0
2654587895	8	0
2654587896	1	0
2654587897	5	1
2654587898	2	0
2654587899	4	0
2654587900	5	0
2654587901	1	0
2654588101	1	0
2654588102	1	0
2654588103	4	1
2654588104	2	1
2654588105	1	2
2654588106	3	0
2654588107	2	0
2654588108	5	0
2654588109	5	1
2654588110	5	0
2654588113	1	0
2654588114	7	0
2654588115	1	0
2654588116	6	0
2654588117	1	0
2654588118	3	0
2654588119	2	0
2654588120	4	0
2654588121	7	0
2654588122	6	0
2654588123	5	0
2654588124	6	1
2654588125	6	0
2654588126	6	1
2654588127	2	0
2654588128	5	1
2654588129	2	0
2654588130	5	1
2654588132	1	0
2654588134	2	1
2654588135	4	0
2654588136	5	1
2654588137	2	0
2654588138	2	0
2654588139	2	1
2654588140	2	0
2654588141	0	0
2654588142	2	0
2654588143	1	0
2654588144	2	1
2654588145	2	1
2654588146	2	0
2654588147	9	0
2654588148	3	0
2654588149	0	1
2654588150	0	0
2654588151	3	0
2654588171	6	0
2654588172	2	0
2654588173	4	0
2654588174	3	0
2654588175	2	0
2654588176	4	1
2654588177	0	0
2654588178	1	0
2654588179	1	1
2654588180	2	0
2654588181	4	0
2654588184	1	0
2654588192	3	0
2654588193	0	1
2654588194	2	0
2654588195	4	0
2654588196	3	0
2654588197	2	3
2654588198	7	0
2654588199	2	0
2654588200	3	0
2654588201	7	1
2654588202	2	2
2654588203	2	0
2654588204	1	0
2654588205	3	0
2654588206	2	0
2654588207	1	0
2654588208	3	0
2654588209	1	1
2654588210	3	2
2657244902	1	0
2657244903	1	0
2657244910	3	1
2657245269	4	2
2657245270	3	2
2657245271	1	0
2657245272	2	0
2657245330	3	0
2657245368	2	0
2657245369	1	0
2657245370	2	0
2657245700	1	0
2657245701	1	0
2657245702	1	0
2657245703	8	0
2657245704	1	0
2657245705	1	0
2657245706	1	0
2657245707	1	0
2657245708	1	0
2657245709	1	0
2657245710	5	0
2657245711	1	0
2657245712	7	0
2657245713	1	0
2657245714	1	0
2657245715	1	0
2657245716	1	0
2657245717	1	0
2657245718	1	0
2657245719	1	0
2657245720	1	0
2657245721	1	0
2657245722	1	0
2657245723	6	0
2657245724	1	0
2657245725	1	0
2657245726	1	0
2657245727	0	0
2657245728	1	0
2657245729	1	0
2660237900	2	0
2660238784	1	0
2663762716	0	0
2663762717	1	0
2663762718	2	0
2663762719	2	0
2663762720	4	0
2663762721	1	0
2663762722	1	0
2663762742	1	0
2663762743	1	0
2663762744	1	0
2663762745	1	0
2663762746	1	0
2663762747	1	0
2663762748	1	0
2663762749	0	1
2663762750	2	0
2663762751	1	0
2663762752	3	1
2663762753	1	0
2663762754	0	1
2663762755	1	0
2663762756	1	0
2663762758	5	0
2663762759	3	0
2663762760	3	0
2663762766	3	0
2663762767	1	0
2663762768	1	0
2663762769	0	1
2663762770	1	1
2663762771	2	0
2663762772	2	0
2663762773	1	0
2663762774	2	0
2663762775	2	0
2663762776	1	0
2663762777	1	0
2663762778	1	0
2663762779	1	0
2663762780	1	0
2663762781	2	0
2663762782	1	0
2663762783	1	0
2663762789	4	0
2663762790	3	0
2663762791	3	0
2663762792	3	0
2663762793	2	0
2663762794	1	0
2663762795	1	0
2663762796	2	0
2663762797	1	0
2663762798	4	0
2663763599	3	0
2663763600	1	0
2663763601	1	0
2663763602	3	0
2663763603	1	0
2663763604	1	0
2663763605	2	1
2663763606	3	0
2667527206	3	0
2667527207	3	0
2667527208	3	0
2667527209	2	0
2667527210	2	0
2667527211	1	0
2667527212	6	0
2667527218	2	0
2667527220	4	0
2667527223	5	0
2667527224	7	0
2667527226	2	0
2667527227	1	0
2667527228	6	0
2667527229	7	0
2667527230	6	0
2667527233	5	0
2667527234	2	0
2667527235	4	0
2667527236	3	0
2667527237	1	1
2667527377	3	0
2667527380	1	0
2667527383	1	0
2667527384	1	0
2667527385	7	0
2667527386	3	0
2667527387	3	0
2667527388	3	0
2667527389	2	0
2667527390	3	0
2667527391	3	0
2667527392	1	0
2667527393	2	0
2667527394	3	0
2667527396	3	0
2667527397	6	0
2667527402	1	1
2667527403	3	2
2667527404	3	1
2667527405	3	0
2667527406	4	0
2667527407	2	0
2667527408	1	0
2667527409	6	2
2667527410	0	1
2667527411	2	0
2667527412	4	1
2667527413	1	0
2667527430	6	0
2667527431	8	0
2667527432	5	0
2667527434	7	0
2667527435	3	0
2667527436	1	0
2667527437	2	0
2667527438	2	3
2667527439	3	0
2667527440	2	0
2667527441	2	1
2667527443	1	1
2667527444	3	1
2667527445	5	0
2667527446	4	1
2667527447	1	0
2667527448	3	0
2667527449	9	0
2667527450	0	1
2667527451	6	0
2667528167	3	0
2667528168	5	0
2667528169	4	1
2667528170	1	0
2667528171	1	0
2667528172	4	0
2667528173	1	0
2667528174	1	0
2667528175	1	0
2667528176	1	0
2667528178	2	0
2667528179	3	0
2667528180	5	0
2667528181	2	0
2667528182	7	0
2667528183	6	0
2667528184	1	0
2667528185	2	0
2667528186	1	0
2671180020	7	0
2671180021	4	0
2671180023	1	0
2671180025	1	0
2671180028	4	0
2671180029	1	0
2671180031	5	1
2671180032	2	0
2671180033	2	0
2671180034	0	1
2671180035	1	0
2671180036	1	0
2671180037	1	0
2671180038	4	0
2671180039	3	2
2671180040	6	0
2671180041	3	3
2671180042	1	0
2671180043	1	0
2671180065	1	0
2671180066	4	0
2671180067	2	0
2671180068	4	1
2671180069	1	0
2671180070	1	0
2671180071	1	0
2671180072	1	0
2671180073	1	0
2671180074	1	0
2671180075	1	0
2671180076	1	0
2671180077	1	0
2671180078	1	0
2671180079	1	0
2671180080	1	0
2671180081	1	0
2671180082	1	0
2671180083	7	0
2671180085	1	0
2671180087	2	1
2671180088	3	0
2671180089	6	0
2671180090	6	0
2671180091	1	0
2671180106	2	0
2671180112	1	0
2671180113	1	0
2671180114	1	0
2671180115	1	0
2671180116	5	0
2671180117	1	0
2671180118	1	0
2671180127	1	0
2671180128	1	0
2671180129	1	0
2671180130	1	0
2671180131	1	0
2671180132	1	0
2671180133	1	0
2671180134	1	0
2671180135	1	0
2671180136	1	0
2671180137	1	0
2671180139	1	0
2671180169	3	0
2671180170	2	1
2671180171	6	0
2671180172	1	0
2671180173	11	0
2671180174	6	0
2671180175	0	0
2671180176	1	0
2671180218	1	0
2671180219	1	0
2671180220	1	0
2671180221	3	0
2671180222	1	0
2671180223	7	0
2671180224	1	0
2671180225	2	0
2671180226	1	0
2671180227	1	0
2671180228	1	0
2671180229	1	0
2671180231	3	0
2671180232	3	0
2671180233	1	0
2671180234	1	0
2671180235	1	0
2675902957	5	0
2675902958	3	0
2675902959	6	0
2675902960	4	0
2675902961	6	0
2675902962	6	0
2675902963	6	1
2675902964	8	0
2675902965	5	0
2675903003	6	0
2675903005	5	0
2675903006	9	0
2675903007	4	0
2675903008	6	0
2675903011	2	0
2675903012	13	0
2675903013	1	0
2675903014	4	0
2675903015	1	0
2675903016	1	0
2675903017	1	0
2675903018	6	0
2675903019	1	0
2675903020	1	0
2675903021	1	0
2675903022	7	0
2675903023	1	0
2675903024	3	0
2675903025	6	0
2675903026	1	0
2675903027	4	0
2675903028	1	0
2675903029	1	0
2675903030	3	0
2675903031	11	0
2675903032	1	0
2675903033	1	0
2675903034	1	0
2675903035	1	0
2675903036	1	0
2675903037	1	0
2675903038	1	0
2675903039	1	0
2675903040	1	0
2675903041	1	0
2675903042	1	0
2675903043	1	0
2675903044	1	0
2675903045	1	0
2675903046	1	0
2675903049	4	0
2675903050	4	0
2675903051	4	0
2675903052	1	0
2675903053	3	0
2675903054	4	0
2675903055	5	0
2675903056	3	0
2675903057	5	0
2675903058	1	0
2675903059	3	0
2675903060	3	0
2675903061	0	2
2675903062	1	0
2675903063	5	1
2675903064	1	0
2675903065	5	0
2675903066	4	1
2675903067	1	0
2675903128	3	0
2675903129	1	0
2675903130	1	0
2675903131	8	1
2675903132	4	0
2675903133	1	0
2675903134	4	0
2675903135	6	0
2675903136	7	0
2675903137	4	0
2675903138	3	0
2675903139	3	1
2675903140	4	0
2675903141	1	0
2675903142	6	0
2675903143	1	0
2675903144	1	0
2675903145	1	0
2675903146	1	0
2675903147	1	0
2675903148	4	0
2675903149	5	0
2675903150	1	0
2675903151	1	0
2675903152	1	0
2675903153	5	0
2675903154	1	0
2675903155	1	0
2675903156	1	0
2675903157	1	0
2675903158	1	0
2675903159	1	0
2675903160	5	0
2675903161	1	0
2675903162	1	0
2675903163	1	0
2675903164	1	0
2675903165	1	0
2675903166	2	0
2675903167	10	0
2675903213	1	0
2675903214	1	0
2675903215	1	0
2675903216	1	0
2675903217	1	0
2675903218	3	0
2675903219	1	0
2675903220	4	0
2675903221	3	0
2675903222	1	0
2675903223	1	0
2675903224	1	0
2675903225	4	0
2675903226	1	0
2675903227	1	0
2675903228	23	0
2675903229	9	0
2675903230	1	0
2675903231	6	0
2675903232	1	0
2675903689	1	0
2675903690	1	0
2675903691	3	0
2675903692	1	0
2675903693	1	0
2675903694	1	0
2675903695	1	3
2675903696	5	0
2675903697	1	0
2675903698	3	0
2675903699	1	0
2675903700	5	1
2681812804	5	0
2681812805	7	0
2681812807	5	0
2681812808	2	0
2681812809	3	0
2681812810	1	0
2681812811	0	1
2681812812	4	0
2681812813	1	0
2681812814	1	0
2681812815	3	0
2681812816	4	0
2681812862	6	2
2681812863	8	1
2681812864	1	0
2681812865	1	0
2681812866	6	0
2681812867	1	0
2681812868	1	0
2681812869	4	0
2681812890	1	0
2681812891	2	0
2681812892	2	0
2681812893	2	0
2681812894	3	0
2681812895	10	0
2681812896	3	1
2681812897	5	0
2681812898	2	0
2681812905	3	0
2681812906	1	0
2681812914	1	0
2681812915	3	0
2681812917	5	0
2681812919	1	0
2681812920	1	0
2681812921	1	0
2681812922	1	0
2681812929	3	0
2681812930	1	0
2681812931	1	0
2681812934	1	0
2681812935	1	0
2681812954	1	0
2681812955	1	0
2681812956	1	0
2681812957	1	0
2681812958	1	0
2681812959	1	0
2681812960	1	0
2681812961	1	0
2681812962	7	0
2681812963	3	0
2681812964	3	1
2681813503	1	0
2681813504	1	0
2681813505	1	0
2681813506	1	0
2681813507	1	0
2681813508	1	0
2681813509	1	0
2681813510	1	0
2681813511	1	0
2681813512	1	0
2681813513	1	0
2681813514	1	0
2681813515	1	0
2681813516	1	0
2681813517	1	0
2681813518	1	0
2681813519	1	0
2681813520	1	0
2681813521	1	0
2681813522	4	0
2681813547	2	0
2681813548	1	0
2681813549	1	0
2681813550	3	0
2681813551	1	0
2681813552	1	0
2681813553	1	0
2681813554	1	0
2681813555	2	0
2681813556	1	0
2681813557	1	0
2681813558	5	0
2681813559	1	0
2681813560	4	0
2681813561	1	0
2681813562	1	0
2681813563	1	0
2681813564	1	0
2681813565	6	0
2684622833	1	0
2684622843	1	0
2684622844	1	0
2684622845	1	0
2684622846	1	0
2684622847	3	0
2684622848	1	0
2684622849	1	0
2684622850	3	0
2684622851	1	0
2684622856	1	0
2684622890	1	0
2684622891	1	0
2684622901	1	0
2684622904	5	0
2684622906	1	0
2684622907	1	0
2684622908	2	0
2684622910	1	0
2684622995	1	0
2684622997	1	0
2684622998	1	0
2684622999	9	0
2684623000	1	0
2684623001	8	0
2684623002	8	0
2684623003	1	0
2684623004	1	0
2684623005	7	1
2684623006	1	0
2684623008	1	0
2684623012	1	0
2684623023	4	0
2684623024	6	0
2684623028	1	0
2684623030	7	0
2684623039	2	0
2684623041	7	0
2687453658	2	0
2687453675	7	0
2687453676	1	0
2687453677	1	0
2687453678	2	0
2687453679	1	0
2687453680	12	0
2687453681	1	0
2687453682	9	0
2687453683	9	0
2687453684	1	0
2687453685	1	0
2687453686	1	0
2687453687	1	0
2687453688	2	0
2687453689	1	0
2687453690	1	0
2687453691	1	0
2687453692	1	0
2687453695	1	0
2687453696	2	0
2687453697	7	0
2687453698	5	0
2687453721	2	0
2687453722	1	0
2687453723	1	0
2687453724	7	1
2687453730	1	0
2687453744	1	0
2687453745	1	0
2687453746	1	0
2687453747	1	0
2687453748	1	0
2687453749	1	0
2687453758	1	0
2687453759	1	0
2687453760	1	0
2687453772	1	0
2687453773	1	0
2687453774	1	0
2687453775	1	0
2687453776	2	0
2687453777	2	0
2687453778	1	0
2687453780	6	0
2687453781	7	0
2687453782	3	0
2687453784	1	0
2687453785	4	0
2687453786	1	0
2687453787	11	0
2687453789	4	0
2687453790	1	0
2687453791	1	0
2687453792	1	0
2687453793	8	0
2687453794	7	0
2687453795	1	0
2687453810	7	0
2687453811	1	0
2687453812	1	0
2687453813	3	0
2690315601	1	0
2690315611	6	0
2690315612	2	0
2690315615	2	0
2690315616	1	0
2690315617	1	0
2690315618	1	0
2690315619	1	0
2690315620	9	0
2690315621	6	0
2690315622	6	0
2690315623	1	0
2690315624	1	0
2690315625	2	0
2690315626	2	0
2690315627	3	0
2690315628	1	0
2690315629	13	0
2690315632	1	0
2690315633	1	0
2690315634	11	0
2690315635	1	0
2690315638	1	0
2690315639	1	0
2690315640	1	0
2690315646	2	0
2690315647	1	0
2690315650	1	0
2690315651	1	0
2690315652	1	0
2690315653	2	0
2690315654	1	0
2690315655	1	0
2690315656	5	1
2690315657	1	0
2690315658	1	0
2690315660	6	0
2690315661	1	0
2690315662	13	0
2690315676	8	0
2690315677	12	0
2690315678	1	0
2690315679	2	0
2690316366	1	0
2690316367	7	0
2690316368	6	0
2693429500	1	0
2693429786	1	0
2693429787	1	0
2693429788	1	0
2693429819	1	0
2693429820	2	0
2693429821	4	0
2693429822	7	0
2693429823	1	0
2693429824	5	0
2693429825	8	0
2693429827	5	1
2693429828	6	0
2693429854	3	0
2693429855	1	0
2693429856	1	0
2693429857	4	0
2693429858	1	0
2693429859	1	0
2693429860	1	0
2693429861	2	0
2693429862	1	0
2693429863	1	0
2693429864	1	0
2693429865	1	0
2693429866	1	0
2693429867	1	0
2693429868	1	0
2693429869	1	0
2693429870	4	0
2693429871	1	0
2693429872	1	0
2693429873	1	0
2693429874	1	0
2693429875	1	0
2693429876	1	0
2693429877	6	0
2693429878	1	0
2693429879	1	0
2693429880	1	0
2693429881	2	0
2693429882	1	0
2693429883	1	0
2693429884	1	0
2693429885	1	0
2693429886	1	0
2693429887	1	0
2693429888	1	0
2693429889	1	0
2693429890	6	0
2693429891	1	0
2693429892	2	0
2693429893	1	0
2693429894	1	0
2693429895	1	0
2693429896	1	0
2693429897	1	0
2693429898	1	0
2693429899	1	0
2693429900	1	0
2693429901	1	0
2693429902	1	0
2693429903	1	0
2693429904	1	0
2693429905	1	0
2693429906	1	0
2693429907	1	0
2693429908	1	0
2693429909	1	0
2693429910	1	0
2693429911	3	0
2693429912	3	0
2693429913	5	1
2693429914	1	0
2693429915	1	0
2693429916	1	0
2693430033	1	0
2693430034	1	0
2693430035	1	0
2693430036	1	0
2695420309	6	0
2695420918	7	0
2695420919	1	0
2695420920	1	0
2695420921	1	0
2695420922	1	0
2695420923	1	0
2695420924	1	0
2695420925	1	0
2695420926	1	0
2695420927	1	0
2695420928	1	0
2695420929	3	0
2695420930	1	0
2695420931	1	0
2695420932	4	0
2695420933	1	0
2695420934	1	0
2695420935	1	0
2695420936	1	0
2695420937	1	0
2695420938	1	0
2695420939	4	0
2695420940	6	3
2695420941	8	0
2695420942	1	0
2695420943	1	0
2695420944	1	0
2695420945	1	0
2695420946	1	0
2695420947	1	0
2695420948	1	0
2695420949	1	0
2695420950	1	0
2695420951	1	0
2695420952	1	0
2695420953	4	0
2695420955	1	0
2695420956	1	0
2695420957	1	0
2695420958	1	0
2695420959	1	0
2695420960	1	0
2695420961	1	0
2695420962	6	0
2695420963	4	0
2695420965	8	0
2695420966	2	0
2695420967	1	0
2695420968	1	0
2695420982	2	0
2695420983	1	0
2695420988	3	0
2695421013	1	0
2695421014	6	0
2695421015	1	0
2695421016	1	0
2695421017	1	0
2695421018	1	0
2695421038	5	0
2695421039	1	0
2695421040	6	0
2695421042	1	0
2695421043	1	0
2695421044	1	0
2695421045	9	0
2695421046	1	0
2695421047	1	0
2695421048	2	0
2698536694	1	0
2698536695	1	0
2698536696	2	0
2698536698	2	0
2698536699	1	0
2698536700	1	0
2698536701	1	0
2698536702	1	0
2698536703	1	0
2698536713	1	0
2698536714	1	0
2698536747	1	0
2698536748	3	0
2698536749	1	0
2698536752	1	0
2698536811	1	0
2698536812	8	0
2698536813	6	0
2698536814	4	0
2698536816	1	0
2698536817	6	0
2698536818	1	0
2698536819	1	0
2698536942	6	0
2698536943	3	0
2698537012	6	0
2698537050	1	0
2700988678	1	0
2700988679	5	0
2700988680	1	0
2700988682	1	0
2700988683	1	0
2700988684	4	0
2700988685	4	0
2700988686	1	0
2700988687	1	0
2700988688	1	0
2700988689	1	0
2700988690	3	0
2700988693	1	0
2700988694	1	0
2700988695	2	0
2700988696	1	0
2700988697	1	0
2700988698	2	0
2700988699	1	0
2700988700	1	0
2700988701	1	0
2700988702	1	0
2700988703	1	0
2700988704	2	0
2700988705	2	0
2700988706	1	0
2700988709	1	0
2700988710	1	0
2700988711	1	0
2700988712	3	0
2700988713	1	0
2700988714	2	0
2700988715	2	0
2700988728	1	0
2700988729	1	0
2700989661	2	0
2700989662	1	0
2700989663	1	0
2700989664	1	0
2700989665	1	0
2700989666	3	0
2703719061	1	0
2703719062	9	0
2703719065	2	0
2703719066	2	0
2703719067	1	0
2703719179	7	0
2703719188	7	0
2703719189	7	0
2703719190	2	0
2703719194	7	0
2703719195	7	0
2703719235	2	0
2703719236	3	0
2703719254	1	0
2703719264	1	0
2703719265	14	0
2703719298	1	0
2703719299	1	0
2703719300	1	0
2703719342	7	0
2706794887	2	0
2706794911	6	0
2706794914	4	0
2706794915	3	0
2706794916	3	0
2706794917	1	0
2706794918	1	0
2706794919	1	0
2706794920	1	0
2706794921	1	0
2706794922	1	0
2706794923	4	0
2706795025	1	0
2706795026	1	0
2706795027	1	0
2706795028	1	0
2706795029	1	0
2706795030	1	0
2706795031	1	0
2706795032	1	0
2708742383	1	0
2708742384	1	0
2708742385	1	0
2708742389	2	0
2708742390	1	0
2708742395	1	0
2708742397	1	0
2708742398	1	5
2708742399	3	0
2708742400	7	0
2708742401	1	0
2708742412	2	0
2708742413	1	0
2708742414	1	0
2708742415	2	0
2708742416	1	0
2708742417	1	0
2708742418	1	0
2708742419	9	0
2708742420	2	0
2708742461	1	0
2708742462	3	0
2708742463	1	0
2708742464	4	0
2708742465	1	0
2708742466	1	0
2708742467	1	0
2708742468	2	0
2708742469	1	0
2708742470	1	0
2708742471	1	0
2708742472	1	0
2708742473	1	0
2708742528	9	0
2708742529	3	0
2708742530	1	0
2708742531	3	0
2708742532	12	0
2708742533	1	0
2708742534	3	1
2708742535	5	2
2708742536	1	0
2708742537	2	0
2708742538	1	0
2708742539	1	0
2708742540	8	0
2708742541	1	0
2708743144	1	0
2708743145	1	0
2708743146	8	0
2708743147	1	0
2708743148	11	0
2708743149	1	0
2708743150	7	0
2708743151	3	0
2708743152	1	0
2708743153	1	0
2708743154	1	0
2708743155	1	0
2708743156	1	0
2708743157	6	0
2708743158	3	1
2708743159	1	0
2708743160	1	0
2708743161	1	0
2708743162	1	0
2710264748	1	0
2710264749	1	0
2710264754	3	1
2710264755	3	1
2710264756	2	0
2710264757	1	0
2710264774	6	0
2710264786	1	0
2710724120	1	0
2710724122	5	0
2710724123	1	0
2710724202	2	0
2710724203	1	0
2710724204	1	0
2710724208	1	0
2710724218	1	0
2710724219	1	0
2711768613	7	0
2711768617	7	0
2711768632	6	0
2711768633	7	0
2711768647	7	0
2711768653	4	0
2711768838	10	0
2713897328	5	0
2713897432	7	0
2713897449	13	0
2713897450	12	0
2713897451	13	0
2716884256	10	0
2716884857	12	0
2716884858	6	0
2716884867	1	0
2716884894	1	0
2716884911	4	0
2716884932	0	0
2716885052	4	0
2716885053	20	0
2718217636	5	0
2718217637	1	0
2718217638	1	0
2718217639	4	0
2718217650	2	0
2718217651	5	0
2718217652	1	0
2718217653	0	0
2718217654	1	0
2718217660	1	0
2718217661	1	0
2718217662	1	0
2718217663	1	0
2718217676	8	0
2718217677	1	0
2718217678	1	0
2718217679	1	0
2718217680	2	0
2718217681	1	0
2718217682	6	1
2718217687	1	0
2718217689	9	0
2718217690	1	0
2718217692	1	0
2718217693	11	0
2718217694	1	0
2718217695	1	0
2718217699	6	0
2718218506	1	0
2718218509	1	0
2718218510	1	0
2718218511	1	0
3300005352	0	161
3300005626	0	126
