Name	GenomeName	Genome
2230705792		2228664006
2501022241		2501004205
2501034820		2501025493
2501414483		2501025505
2501790701		2501779502
2501799946		2501799900
2501837328		2501799908
2501939502		2501915963
2501962258		2501939606
2502502716		2502422321
2502685867		2502545039
2502855360		2502790015
2502869995		2502790017
2503009358		2502957028
2503199683		2503198000
2503364240		2503283022
2503366460		2503283023
2503526667		2503508007
2503532715		2503508009
2503574972		2503538010
2503594978		2503538017
2503615230		2503538021
2503632444		2503538027
2503634863		2503538028
2503696424		2503692001
2503736905		2503707007
2503738781		2503707008
2503744442		2503707009
2503755173		2503754000
2503785031		2503754015
2503789921		2503754016
2503796883		2503754017
2503798462		2503754019
2503863221		2503754044
2503874363		2503754046
2503887089		2503754048
2503948426		2503904009
2503956488		2503904012
2503963569		2503904014
2504084068		2503982034
2504087011		2503982035
2504094582		2503982036
2504099269		2503982037
2504106408		2503982039
2504127887		2503982046
2504130747		2503982047
2504136265		2504136000
2504145513		2504136002
2504156402		2504136006
2504582855		2504557005
2504585663		2504557006
2504607334		2504557012
2504659891		2504643006
2504679805		2504643012
2504685343		2504643013
2504707187		2504643019
2504742134		2504643030
2504771350		2504756004
2504783692		2504756006
2504824497		2504756018
2504956475		2504756058
2504962372		2504756059
2504969139		2504756061
2504979044		2504756063
2504983927		2504756064
2505078875		2504756083
2505283800		2505119042
2505286019		2505119043
2505382414		2505313015
2505688479		2505679005
2505690872		2505679006
2505694120		2505679007
2505698892		2505679008
2505699539		2505679009
2505736661		2505679016
2505768419		2505679024
2505784000		2505679029
2505789436		2505679030
2505796663		2505679031
2505800025		2505679032
2505839186		2505679040
2505875888		2505679049
2505895934		2505679055
2505900997		2505679056
2505930773		2505679064
2505952464		2505679068
2505978246		2505679077
2505980268		2505679078
2505991429		2505679080
2506002855		2505679082
2506008076		2505679083
2506046078		2505679089
2506094584		2505679104
2506227126		2506210002
2506231469		2506210003
2506240128		2506210005
2506350421		2506210028
2506377744		2506210034
2506379412		2506210035
2506443505		2506381019
2506463058		2506381022
2506474584		2506381025
2506486974		2506485001
2506492397		2506485002
2506503971		2506485007
2506576234		2506520007
2506581372		2506520008
2506586510		2506520009
2506600536		2506520011
2506601970		2506520012
2506606185		2506520013
2506608596		2506520014
2506612333		2506520015
2506616753		2506520016
2506646566		2506520020
2506688871		2506520034
2506697977		2506520036
2506702513		2506520037
2506707427		2506520038
2506712530		2506520039
2506715469		2506520040
2506718621		2506520041
2506723703		2506520042
2506725681		2506520043
2506730035		2506520044
2506735124		2506520045
2506736934		2506520046
2506740454		2506520047
2506747183		2506520048
2506752865		2506520049
2506757418		2506520050
2506845333		2506783006
2506857249		2506783009
2506860951		2506783010
2506867045		2506783011
2506871758		2506783014
2507040366		2506783044
2507047819		2506783045
2507047847		2506783046
2507054340		2506783047
2507057847		2506783048
2507079585		2506783052
2507084621		2506783053
2507085377		2506783054
2507114372		2506783059
2507120226		2506783060
2507124528		2506783061
2507129286		2506783062
2507132454		2506783063
2507136018		2506783064
2507146134		2506783068
2507208434		2507149014
2507211275		2507149015
2507226552		2507149019
2507242407		2507149024
2507329885		2507262015
2507332731		2507262016
2507402959		2507262026
2507408932		2507262027
2507425234		2507262031
2507441981		2507262035
2507461044		2507262043
2507463520		2507262044
2507477680		2507262048
2507489315		2507262051
2507492737		2507262052
2507499289		2507262054
2507504415		2507262055
2507515119		2507262057
2507526868		2507525000
2508010189		2507525018
2508505616		2508501001
2508510974		2508501002
2508519354		2508501004
2508545847		2508501009
2508547212		2508501010
2508551987		2508501011
2508554678		2508501012
2508560273		2508501013
2508594038		2508501021
2508600527		2508501023
2508620771		2508501027
2508624596		2508501028
2508634843		2508501030
2508639188		2508501031
2508653320		2508501034
2508666113		2508501037
2508668905		2508501038
2508672584		2508501039
2508678794		2508501040
2508688641		2508501041
2508694674		2508501042
2508699969		2508501043
2508703730		2508501044
2508707221		2508501045
2508710874		2508501046
2508715809		2508501047
2508720846		2508501048
2508724569		2508501049
2508725373		2508501050
2508737919		2508501051
2508741175		2508501052
2508833107		2508501066
2508837914		2508501067
2508840768		2508501068
2508842736		2508501069
2508847140		2508501070
2508850209		2508501071
2508874432		2508501075
2509011595		2508501098
2509020457		2508501100
2509034918		2508501103
2509037507		2508501105
2509043723		2508501106
2509046747		2508501107
2509051587		2508501108
2509055165		2508501109
2509057142		2508501110
2509059800		2508501111
2509069147		2508501112
2509073278		2508501113
2509076004		2508501114
2509080809		2508501115
2509095266		2508501118
2509095899		2508501119
2509100395		2508501120
2509112911		2508501122
2509115118		2508501123
2509126274		2508501124
2509134658		2508501126
2509142508		2508501127
2509146418		2508501128
2509269709		2508501136
2509325221		2509276007
2509338171		2509276010
2509341707		2509276011
2509348249		2509276013
2509351595		2509276014
2509359866		2509276015
2509362170		2509276016
2509366629		2509276017
2509371124		2509276018
2509378298		2509276019
2509380827		2509276020
2509389659		2509276021
2509394613		2509276022
2509400409		2509276023
2509406514		2509276025
2509409670		2509276026
2509421008		2509276028
2509425906		2509276029
2509428214		2509276030
2509431865		2509276031
2509444727		2509276033
2509457131		2509276035
2509460928		2509276036
2509495047		2509276044
2509500491		2509276045
2509509360		2509276047
2509515895		2509276048
2509527215		2509276051
2509533209		2509276052
2509546292		2509276054
2509551664		2509276055
2509553270		2509276056
2509558213		2509276057
2509560757		2509276058
2509563357		2509276059
2509566925		2509276060
2509572285		2509276061
2509576562		2509276062
2509581317		2509276063
2509584370		2509276064
2509591837		2509276065
2509595627		2509276066
2509598703		2509276067
2509602310		2509601001
2509619710		2509601004
2509661881		2509601008
2509690981		2509601011
2509709970		2509601013
2509713951		2509601014
2509723944		2509601017
2509740724		2509601019
2509743894		2509601020
2509766311		2509601025
2509774871		2509601026
2509780314		2509601027
2509786559		2509601028
2509788559		2509601029
2509803511		2509601031
2509809320		2509601032
2509819397		2509601034
2509822740		2509601035
2509826309		2509601036
2509836872		2509601038
2509844872		2509601039
2509854496		2509601041
2509862205		2509601042
2509869333		2509601044
2509875251		2509601046
2509882717		2509601048
2510023964		2509887024
2510038798		2509887025
2510054988		2509887032
2510059734		2509887033
2510061231		2509887034
2510077592		2510065005
2510090402		2510065008
2510092772		2510065009
2510094063		2510065010
2510100366		2510065011
2510117670		2510065015
2510119564		2510065016
2510134625		2510065019
2510200027		2510065032
2510241509		2510065044
2510248097		2510065045
2510256198		2510065046
2510265878		2510065049
2510270457		2510065050
2510275058		2510065051
2510277816		2510065052
2510285505		2510065053
2510296087		2510065055
2510302568		2510065056
2510308947		2510065057
2510313654		2510065058
2510319238		2510065059
2510323932		2510065060
2510330382		2510065062
2510336333		2510065063
2510341657		2510065064
2510374789		2510065076
2510396146		2510065083
2510399026		2510065084
2510409422		2510065085
2510410355		2510065086
2510414837		2510065087
2510435220		2510065092
2510436814		2510436000
2510445132		2510436001
2510452616		2510436004
2510472606		2510461002
2510571667		2510461022
2510776429		2510461053
2510845127		2510461070
2510896427		2510461076
2510909790		2510461079
2510921261		2510917000
2511460887		2511231041
2511462403		2511231042
2511464618		2511231043
2511488937		2511231049
2511498664		2511231052
2512533989		2512047086
2512536399		2512047087
2512560067		2512047091
2512613238		2512564009
2512619874		2512564010
2512629190		2512564011
2512631262		2512564012
2512646353		2512564015
2512874292		2512564091
2512918172		2512875013
2512919466		2512875014
2512925456		2512875015
2512932902		2512875016
2512960926		2512875024
2512970203		2512875026
2512976007		2512875027
2513005037		2512875033
2513049303		2513020008
2513189756		2513020036
2513221721		2513020047
2513223359		2513020048
2513530495		2513237078
2513574253		2513237084
2513581703		2513237085
2513588725		2513237086
2513590553		2513237087
2513601119		2513237088
2513607642		2513237089
2513609050		2513237090
2513621304		2513237091
2513624221		2513237092
2513638711		2513237094
2513649183		2513237095
2513656207		2513237096
2513666035		2513237097
2513674460		2513237098
2513684809		2513237099
2513691458		2513237100
2513694649		2513237101
2513702112		2513237102
2513714385		2513237103
2513716714		2513237104
2513745335		2513237107
2513759936		2513237109
2513769950		2513237111
2545824018		2513237112
2558308049		2513237113
2545824016		2513237114
2558308014		2513237116
2558308207		2513237117
2513802809		2513237119
2513808983		2513237120
2545824008		2513237121
2513813624		2513237122
2513818038		2513237123
2513836547		2513237133
2513846115		2513237135
2513852641		2513237136
2513860691		2513237137
2513871891		2513237138
2513874198		2513237139
2513887245		2513237140
2513892484		2513237141
2513907433		2513237143
2513917614		2513237145
2513930752		2513237146
2513935643		2513237147
2513944374		2513237148
2513969967		2513237153
2513982452		2513237155
2513989243		2513237156
2513990544		2513237157
2514002513		2513237159
2514009275		2513237160
2514010044		2513237161
2514024988		2513237162
2514038551		2513237164
2514055637		2513237166
2558308202		2514885007
2514920117		2514885008
2515106098		2515075008
2515113716		2515075009
2515135670		2515075013
2515207448		2515154010
2515213886		2515154011
2515215699		2515154012
2545824029		2515154013
2558308069		2515154014
2515228840		2515154015
2515236411		2515154016
2515246559		2515154017
2558308073		2515154018
2515251556		2515154019
2515253038		2515154020
2515256494		2515154021
2558308165		2515154022
2558308234		2515154023
2515263106		2515154024
2515265555		2515154025
2545824006		2515154026
2545824019		2515154027
2515275923		2515154028
2558308070		2515154029
2515283146		2515154030
2558308101		2515154031
2515295172		2515154032
2515297343		2515154033
2515355327		2515154055
2515368421		2515154059
2515429956		2515154070
2558308136		2515154071
2558308204		2515154072
2515437698		2515154073
2558308043		2515154074
2515446361		2515154075
2515449578		2515154076
2515454152		2515154077
2515455578		2515154078
2515463107		2515154079
2515465259		2515154080
2515466188		2515154081
2515472500		2515154082
2545824010		2515154083
2515480813		2515154084
2515484242		2515154085
2558308102		2515154086
2515493378		2515154087
2515498466		2515154088
2515502768		2515154089
2515504696		2515154090
2576860723		2515154091
2545824009		2515154092
2515515886		2515154093
2515521074		2515154094
2515528248		2515154095
2515577271		2515154102
2515600125		2515154105
2515613563		2515154107
2515615887		2515154108
2558308192		2515154109
2558308191		2515154110
2515623945		2515154111
2515624407		2515154112
2515639638		2515154113
2515670914		2515154118
2515673819		2515154119
2558308138		2515154120
2558308112		2515154121
2515692764		2515154123
2515697611		2515154124
2515703018		2515154125
2515708064		2515154126
2515713359		2515154127
2515718222		2515154128
2515723343		2515154129
2558308125		2515154130
2558308074		2515154131
2515731937		2515154132
2515737709		2515154133
2515744703		2515154134
2515749773		2515154135
2515759891		2515154137
2558308028		2515154138
2515766194		2515154139
2515775644		2515154140
2515784234		2515154141
2515789801		2515154142
2515797988		2515154143
2558308228		2515154144
2515808817		2515154145
2515813727		2515154146
2515816056		2515154147
2515822328		2515154148
2515836034		2515154150
2515842835		2515154151
2515844755		2515154152
2558308075		2515154153
2515850468		2515154154
2545824002		2515154155
2515860312		2515154156
2558308091		2515154157
2515866323		2515154158
2515868986		2515154159
2558308100		2515154160
2558308244		2515154161
2558308133		2515154162
2515886333		2515154163
2515898432		2515154165
2515904923		2515154166
2515911802		2515154167
2558308057		2515154168
2515928815		2515154170
2558308241		2515154172
2558308198		2515154173
2558308080		2515154174
2515947138		2515154175
2558308045		2515154176
2515960842		2515154177
2515966339		2515154178
2515970955		2515154179
2515976099		2515154180
2515981007		2515154181
2515985754		2515154182
2515990936		2515154183
2515996066		2515154184
2516001050		2515154185
2516006218		2515154186
2516011459		2515154187
2516016592		2515154188
2558308050		2515154189
2516029493		2515154190
2558308182		2515154191
2516041996		2515154193
2516047169		2515154194
2516049460		2515154195
2516052547		2515154196
2516062686		2515154197
2558308059		2515154199
2516076948		2515154200
2516087552		2515154202
2516092538		2515154203
2516124121		2515154209
2516128094		2515154210
2558308104		2515154211
2516136062		2515154212
2516136921		2515154213
2516142116		2515154214
2516144612		2516143000
2516158118		2516143002
2516165556		2516143004
2516173694		2516143008
2516189872		2516143012
2516195922		2516143014
2516204972		2516143018
2516216466		2516143022
2516226788		2516143025
2516236146		2516143028
2516391088		2516143104
2516391404		2516143105
2516423938		2516143113
2516451184		2516143117
2516456137		2516143118
2516477419		2516143128
2516511983		2516493005
2516516619		2516493006
2516543396		2516493010
2516552796		2516493012
2516572510		2516493016
2516577516		2516493017
2516578303		2516493018
2516582731		2516493019
2516591643		2516493021
2516598090		2516493022
2516601867		2516493023
2516605841		2516493024
2516608594		2516493025
2516616489		2516493026
2516620236		2516493027
2516620966		2516493028
2516626029		2516493029
2516628666		2516493030
2516631929		2516493031
2516634913		2516493032
2516867864		2516653041
2516872650		2516653042
2516894063		2516653046
2516904534		2516653047
2516914337		2516653048
2516918594		2516653049
2516924205		2516653050
2516937045		2516653053
2516941137		2516653054
2516946843		2516653055
2516959679		2516653058
2516989386		2516653063
2517012189		2516653072
2517015156		2516653073
2517019509		2516653074
2517029285		2516653075
2517031811		2516653076
2517037323		2516653077
2517047387		2516653079
2517053449		2516653080
2517062088		2516653082
2517073432		2516653084
2517077632		2516653085
2517096425		2517093000
2517103102		2517093001
2545824004		2517093002
2558308190		2517093003
2517116843		2517093004
2517120057		2517093005
2517121994		2517093006
2517128266		2517093007
2517128649		2517093008
2517131765		2517093009
2517133185		2517093010
2517138668		2517093011
2517145196		2517093012
2517149327		2517093013
2517153056		2517093014
2517155882		2517093015
2517160735		2517093016
2517164309		2517093017
2517170340		2517093018
2517174261		2517093019
2517234087		2517093040
2517235790		2517093041
2517241022		2517093042
2517244912		2517093043
2517248842		2517093044
2517270461		2517093047
2517274009		2517093048
2517277781		2517093049
2517281623		2517093050
2517344235		2517287015
2517347662		2517287016
2517354944		2517287017
2517361909		2517287019
2517366366		2517287020
2517375670		2517287021
2517376691		2517287022
2517379993		2517287023
2517384291		2517287024
2517389975		2517287025
2517398572		2517287027
2517403455		2517287028
2517408291		2517287029
2517414838		2517287030
2517418625		2517287031
2517427879		2517287033
2517431280		2517287034
2517450979		2517434007
2517455889		2517434008
2517464250		2517434009
2517467837		2517434010
2545824017		2517434011
2517473064		2517434012
2517479213		2517434013
2517554880		2517487019
2517560606		2517487020
2558308248		2517487021
2517570759		2517487022
2517647372		2517572024
2517691132		2517572073
2517697979		2517572074
2517707729		2517572076
2517745595		2517572096
2517748671		2517572098
2517759181		2517572101
2517783527		2517572108
2517786755		2517572109
2517789122		2517572110
2517791401		2517572111
2517796043		2517572112
2517798270		2517572113
2517800523		2517572114
2517802204		2517572115
2517805442		2517572116
2517809382		2517572117
2517811256		2517572118
2517814615		2517572119
2545824003		2517572120
2517820468		2517572121
2517830120		2517572123
2517834476		2517572124
2558308056		2517572136
2517872728		2517572137
2517887728		2517572143
2517905461		2517572145
2517905897		2517572146
2517911868		2517572147
2558308038		2517572148
2558308176		2517572150
2558308178		2517572151
2517937798		2517572152
2517953629		2517572155
2517958775		2517572156
2517964151		2517572157
2517969500		2517572158
2517979229		2517572160
2517984322		2517572161
2517989275		2517572162
2517994601		2517572163
2517999457		2517572164
2518030895		2517572174
2518032078		2517572175
2558308172		2517572189
2518085309		2517572190
2518087682		2517572194
2518132508		2517572208
2518147963		2517572210
2518152803		2517572211
2518158184		2517572212
2518158699		2517572213
2518165630		2517572214
2518170634		2517572217
2518172818		2517572218
2518181539		2517572221
2518185483		2517572222
2518214015		2517572231
2518225261		2517572233
2558308225		2517572235
2545824014		2517572236
2558308203		2517572237
2518241955		2517572238
2518242656		2517572239
2518251718		2517572240
2518252010		2517572241
2518254945		2517572242
2518264824		2517572243
2518265101		2517572244
2518273705		2517572245
2518274165		2517572246
2518278077		2517572247
2518285078		2517572248
2518362104		2518285526
2518368680		2518285527
2518372410		2518285528
2518374856		2518285529
2518376473		2518285530
2518380709		2518285531
2518381924		2518285532
2518385136		2518285533
2518387330		2518285534
2518397510		2518285535
2518404042		2518285537
2558308048		2518285548
2518442650		2518285549
2518447847		2518285550
2518453316		2518285551
2518458636		2518285552
2518463926		2518285553
2518469211		2518285554
2518474311		2518285555
2518486163		2518285558
2518491381		2518285559
2518496655		2518285560
2518501784		2518285561
2518506656		2518285562
2518511717		2518285563
2518620397		2518285603
2518632223		2518285608
2558308018		2518285615
2545824005		2518285616
2518739196		2518645527
2518910016		2518645583
2558308029		2518645585
2558308089		2518645586
2558308096		2518645587
2558308150		2518645588
2518936238		2518645589
2518948858		2518645591
2518953392		2518645592
2518981580		2518645598
2518991554		2518645600
2518996065		2518645601
2558308224		2518645602
2519001822		2518645603
2558308200		2518645604
2519009572		2518645605
2519014559		2518645607
2558308220		2518645608
2519021142		2518645609
2519031769		2518645611
2519032214		2518645612
2519038530		2518645613
2558308242		2518645614
2558308194		2518645615
2558308147		2518645616
2519053302		2518645617
2558308230		2518645619
2558308227		2518645620
2558308249		2518645621
2545824001		2518645623
2519087909		2518645624
2558308013		2518645625
2519096875		2518645626
2519102256		2518645627
2519139052		2519103012
2519139604		2519103013
2519142338		2519103014
2519153435		2519103016
2519184772		2519103025
2519191649		2519103027
2519261116		2519103046
2558308129		2519103178
2558308076		2519103180
2519826675		2519103182
2545824011		2519103183
2519833420		2519103184
2519841347		2519103185
2519842499		2519103186
2519845391		2519103187
2558308168		2519103188
2545824013		2519103189
2558308052		2519103190
2519862106		2519103191
2519868036		2519103192
2519873041		2519103193
2519878273		2519103194
2519883317		2519103195
2519939134		2519899509
2519948110		2519899511
2519956535		2519899515
2520006173		2519899518
2520068425		2519899539
2520433622		2519899631
2520433894		2519899632
2520443363		2519899633
2520445212		2519899634
2558308169		2519899635
2520455409		2519899636
2558308160		2519899638
2558308161		2519899639
2558308222		2519899640
2558308209		2519899641
2520487346		2519899644
2520491718		2519899645
2520494586		2519899646
2558308062		2519899647
2520502314		2519899648
2558308000		2519899649
2520518136		2519899651
2520529978		2519899653
2520534207		2519899654
2558308033		2519899659
2520553927		2519899666
2520556993		2519899667
2520563316		2519899668
2558308184		2519899669
2520571327		2519899670
2520573487		2519899671
2545824012		2519899672
2558308008		2519899678
2558308024		2519899679
2520594759		2519899680
2558308064		2519899681
2520603873		2519899682
2520607786		2519899683
2558308105		2519899684
2520616649		2519899685
2520621557		2519899687
2520627324		2519899688
2558308146		2519899689
2520631044		2519899690
2520634161		2519899691
2558308015		2519899692
2520639399		2519899693
2520641276		2519899694
2558308152		2519899695
2558308155		2519899696
2520648427		2519899697
2558308157		2519899698
2558308213		2519899699
2520937822		2519899771
2520953999		2519899776
2521384365		2521172540
2521387982		2521172542
2521389130		2521172543
2521391045		2521172544
2521437645		2521172559
2521441314		2521172560
2521447976		2521172561
2521450884		2521172563
2521519188		2521172577
2521613389		2521172611
2521628608		2521172614
2521629489		2521172615
2521639059		2521172618
2521650258		2521172620
2521657773		2521172622
2521668990		2521172624
2521684093		2521172626
2521702424		2521172629
2521703777		2521172630
2521719880		2521172632
2558308119		2521172633
2558308126		2521172634
2521728473		2521172635
2558308144		2521172636
2521741276		2521172637
2558308201		2521172638
2521793373		2521172646
2545824026		2521172647
2521799738		2521172648
2521803524		2521172649
2521805051		2521172650
2521809928		2521172651
2558308099		2521172654
2521833171		2521172657
2521835259		2521172658
2521836657		2521172659
2558308170		2521172661
2521854739		2521172662
2521860404		2521172664
2521863607		2521172665
2521866871		2521172666
2521905461		2521172674
2521908823		2521172675
2521966970		2521172693
2521970126		2521172694
2522122638		2521172760
2522225303		2522125054
2522237763		2522125060
2522240990		2522125061
2522255217		2522125070
2522285797		2522125081
2522298602		2522125083
2522302171		2522125086
2522337852		2522125097
2522342653		2522125098
2522366323		2522125115
2522448647		2522125134
2522466918		2522125138
2522498562		2522125151
2522505960		2522125155
2522512543		2522125156
2558308223		2522125157
2522547649		2522125168
2522554553		2522125169
2522556654		2522125170
2522560958		2522125171
2522564480		2522125172
2522567272		2522125173
2522571608		2522125174
2522605146		2522572011
2522643433		2522572018
2522657239		2522572020
2522685215		2522572025
2522771915		2522572047
2522777391		2522572051
2522792649		2522572063
2558308034		2522572065
2558308098		2522572066
2522903544		2522572099
2522905056		2522572100
2522914470		2522572101
2522922879		2522572103
2522994550		2522572127
2522998464		2522572128
2523006602		2522572130
2523085380		2522572153
2523090987		2522572155
2523098303		2522572156
2523102182		2522572157
2558308031		2522572158
2558308068		2522572159
2523116188		2522572160
2558308106		2522572161
2523124057		2522572162
2558308132		2522572178
2558308142		2522572179
2523184412		2522572180
2523190807		2522572182
2523198940		2522572188
2523204148		2522572190
2558308235		2522572191
2558308237		2522572192
2523215094		2522572193
2523219614		2522572195
2523225596		2522572201
2558308247		2522572202
2523262781		2523231010
2523270720		2523231013
2558308153		2523231014
2523275162		2523231015
2558308199		2523231016
2523277639		2523231017
2558308004		2523231019
2558308022		2523231023
2558308128		2523231024
2558308088		2523231026
2523311672		2523231027
2523322897		2523231029
2523327502		2523231030
2523339443		2523231034
2523404492		2523231049
2523409381		2523231050
2523419750		2523231052
2523429429		2523231054
2523431038		2523231055
2523432983		2523231056
2523442801		2523231059
2523447539		2523231061
2523449392		2523231062
2558308149		2523231063
2523458612		2523231064
2558308162		2523231065
2558308164		2523231066
2523470953		2523231067
2523471944		2523231068
2523476553		2523231069
2523478370		2523231070
2523543376		2523533501
2523563674		2523533505
2523575025		2523533507
2523579477		2523533508
2523588601		2523533511
2558308090		2523533522
2523652038		2523533526
2523655815		2523533527
2558308232		2523533529
2523666753		2523533530
2523673634		2523533531
2558308001		2523533532
2523689749		2523533533
2545824022		2523533534
2523698634		2523533535
2523702752		2523533536
2523706193		2523533537
2558308044		2523533538
2523711689		2523533539
2558308111		2523533540
2523715528		2523533541
2523722240		2523533542
2558308009		2523533543
2523728304		2523533544
2545824027		2523533545
2523735778		2523533546
2545824023		2523533547
2545824007		2523533548
2558308122		2523533549
2558308110		2523533550
2523755514		2523533551
2558308012		2523533552
2523762536		2523533553
2523764657		2523533554
2523766992		2523533555
2558308159		2523533556
2523775625		2523533557
2558308151		2523533558
2523782263		2523533559
2545824020		2523533560
2545824025		2523533561
2558308208		2523533562
2523810706		2523533568
2523834750		2523533576
2558308109		2523533577
2523840771		2523533578
2523845941		2523533580
2523847645		2523533581
2523851279		2523533582
2523851881		2523533583
2558308078		2523533584
2523861499		2523533585
2558308217		2523533586
2523866695		2523533587
2558308154		2523533588
2523868183		2523533589
2568525544		2523533595
2523894041		2523533596
2558308003		2523533597
2523898322		2523533598
2523901314		2523533599
2523904013		2523533600
2523906775		2523533601
2523913517		2523533604
2523917521		2523533605
2523920437		2523533606
2523923677		2523533607
2523926912		2523533608
2523932333		2523533609
2558308145		2523533610
2523942695		2523533611
2523943888		2523533612
2523948109		2523533613
2558308108		2523533614
2523955329		2523533615
2558308039		2523533616
2558308171		2523533617
2523966921		2523533618
2523972278		2523533619
2523977902		2523533620
2558308095		2523533621
2523985042		2523533622
2558308196		2523533623
2558308158		2523533624
2523995415		2523533625
2523997733		2523533626
2558308205		2523533627
2558308092		2523533628
2524006743		2523533629
2524007183		2523533630
2558308117		2523533634
2558308163		2524023058
2524103987		2524023059
2558308107		2524023060
2524111867		2524023062
2524123213		2524023067
2524126813		2524023070
2524134011		2524023073
2558308167		2524023086
2558308174		2524023087
2558308103		2524023091
2558308175		2524023129
2524195643		2524023130
2524203608		2524023135
2524210919		2524023136
2524213811		2524023137
2524217332		2524023138
2524222199		2524023142
2558308011		2524023143
2524230095		2524023144
2524233513		2524023145
2524235414		2524023146
2558308083		2524023147
2524245471		2524023148
2524249863		2524023149
2524253949		2524023150
2524254247		2524023151
2524256390		2524023152
2558308116		2524023153
2524265778		2524023154
2558308130		2524023155
2558308067		2524023156
2558308082		2524023157
2558308087		2524023158
2558308027		2524023159
2558308093		2524023160
2558308046		2524023161
2558308179		2524023162
2558308097		2524023163
2524302010		2524023164
2524304058		2524023165
2524306120		2524023166
2524310034		2524023167
2558308065		2524023169
2524371567		2524023187
2558308127		2524023191
2558308189		2524023192
2524432650		2524023203
2524434195		2524023204
2524438933		2524023205
2524448167		2524023206
2524454712		2524023207
2524456649		2524023208
2524463472		2524023209
2524466623		2524023210
2558308094		2524023213
2524489634		2524023214
2558308054		2524023225
2524527119		2524023226
2524530171		2524023227
2524535393		2524023228
2558308040		2524023229
2524572737		2524023241
2558308131		2524023242
2558308218		2524023243
2558308188		2524023244
2524588595		2524023245
2524593540		2524023246
2524607002		2524023249
2558308032		2524023250
2524663656		2524614511
2524664515		2524614512
2524671715		2524614513
2558308173		2524614514
2524682524		2524614515
2524687726		2524614516
2524768456		2524614529
2558308019		2524614531
2558308025		2524614535
2524827940		2524614536
2524842934		2524614539
2558308007		2524614540
2524849095		2524614541
2524870401		2524614545
2524877696		2524614546
2524892410		2524614548
2524897803		2524614551
2524906666		2524614552
2558308042		2524614553
2524912766		2524614554
2558308055		2524614555
2524921099		2524614556
2558308180		2524614557
2524930711		2524614558
2524937025		2524614559
2524953474		2524614562
2524955384		2524614563
2524960199		2524614564
2524965790		2524614565
2524991687		2524614570
2558308121		2524614571
2524996920		2524614573
2525046796		2524614581
2525049946		2524614582
2558308140		2524614583
2525062642		2524614585
2558308231		2524614594
2558308036		2524614595
2558308143		2524614596
2558308023		2524614597
2525123953		2524614599
2558308233		2524614607
2525142008		2524614608
2558308035		2524614609
2558308071		2524614613
2525215778		2524614631
2525218594		2524614632
2525220725		2524614633
2558308239		2524614634
2558308016		2524614635
2558308041		2524614636
2525248878		2524614643
2558308113		2524614644
2558308219		2524614645
2525265878		2524614648
2525267963		2524614649
2558308006		2524614650
2525272300		2524614651
2558308229		2524614654
2525295907		2524614657
2558308186		2524614658
2525303193		2524614659
2558308115		2524614660
2525313346		2524614662
2525317093		2524614663
2558308139		2524614664
2525324217		2524614665
2525330587		2524614667
2525335966		2524614668
2545824024		2524614671
2558308221		2524614672
2525361215		2524614673
2525375341		2524614676
2525375498		2524614677
2525379776		2524614678
2545824015		2524614679
2525388855		2524614680
2525408550		2524614687
2525444000		2524614696
2525542647		2524614723
2558308120		2524614724
2525550761		2524614725
2525552955		2524614726
2525555338		2524614727
2525557799		2524614729
2525565825		2524614730
2525567658		2524614731
2525568688		2524614732
2525572966		2524614733
2525573282		2524614734
2558308010		2524614757
2525713426		2524614758
2558308066		2524614759
2558308134		2524614760
2525722421		2524614761
2558308081		2524614762
2525730736		2524614763
2558308135		2524614766
2525743302		2524614767
2525747644		2524614768
2558308210		2524614769
2558308124		2524614770
2525854570		2524614797
2525858126		2524614798
2558308123		2524614800
2525875898		2524614803
2525877923		2524614804
2525881578		2524614805
2525883819		2524614806
2525887356		2524614807
2558308020		2524614808
2525925936		2524614815
2558308084		2524614816
2558308246		2524614821
2525939153		2524614822
2525994856		2524614838
2526005543		2524614842
2558308053		2524614843
2526020354		2524614846
2526024465		2524614847
2558308216		2524614851
2526047532		2524614852
2526049970		2524614853
2526051340		2524614854
2526056435		2524614855
2558308243		2524614856
2558308077		2524614857
2526071459		2524614859
2558308005		2524614860
2558308037		2524614861
2526079781		2524614862
2558308061		2524614863
2558308181		2524614865
2558308211		2524614866
2558308212		2524614867
2526100897		2524614868
2558308021		2524614869
2558308026		2524614872
2526118382		2524614873
2545824021		2524614874
2526126161		2524614876
2558308185		2524614877
2558308166		2524614879
2526145217		2524614880
2526151753		2524614882
2558308177		2524614883
2526161903		2524614884
2558308245		2526164510
2526214176		2526164512
2526217809		2526164513
2558308193		2526164514
2558308195		2526164515
2558308197		2526164516
2558308240		2526164517
2545824028		2526164518
2558308060		2526164522
2526243246		2526164523
2558308114		2526164525
2558308141		2526164527
2526263529		2526164528
2526266250		2526164529
2558308118		2526164533
2558308226		2526164534
2527009059		2526164694
2558308058		2526164710
2558308085		2526164711
2558308236		2526164737
2558308030		2526164741
2527181420		2526164742
2527247865		2526164764
2528277415		2527291701
2528307861		2527291724
2528309557		2527291725
2528588254		2528311092
2558308086		2528311093
2558308137		2528311094
2528601926		2528311097
2528724356		2528311129
2528741920		2528311135
2528767153		2528311143
2528820629		2528768012
2528849417		2528768022
2529010547		2528768146
2529055926		2528768159
2558308047		2528768167
2558308183		2528768179
2558308148		2528768209
2529202802		2528768210
2529234737		2528768215
2529258133		2528768220
2529261944		2528768221
2529270452		2528768223
2529277780		2528768230
2529291709		2528768237
2529301748		2529292502
2558308079		2529292503
2529385958		2529292555
2529394115		2529292556
2558308072		2529292557
2529424998		2529292568
2529465063		2529292577
2529487945		2529292583
2529492121		2529292584
2534581841		2531839721
2534669840		2531839744
2537544668		2534682365
2545824000		2534682370
2540300063		2537562247
2540304314		2537562250
2558308051		2540341191
2558308214		2540341198
2540901580		2540341199
2540906552		2540341200
2540921540		2540341205
2540923538		2540341206
2558308156		2540341221
2558308002		2540341222
2540961303		2540341223
2540962330		2540341224
2540976959		2540341229
2540980968		2540341230
2541000800		2540341237
2568525508		2540341239
2541009971		2540341240
2541012784		2540341241
2541014154		2540341242
2541016961		2540341243
2541021021		2540341244
2541025525		2540341245
2541030228		2540341246
2541033663		2540341247
2541036775		2540341248
2541040041		2540341249
2541042363		2540341250
2541186549		2541046934
2541248970		2541046951
2541266356		2541046955
2541273223		2541046957
2541299556		2541046969
2545646271		2545555826
2545656527		2545555829
2545670417		2545555831
2545674208		2545555834
2545718360		2545555844
2545734860		2545555854
2545746212		2545555856
2545760080		2545555860
2545762188		2545555861
2545763795		2545555862
2545768436		2545555864
2545774567		2545555865
2545775266		2545555866
2545780589		2545555867
2545781432		2545555868
2545813884		2545555877
2545823093		2545555880
2545872778		2545824514
2545972776		2545824538
2545981107		2545824539
2545984270		2545824540
2545987504		2545824541
2545988303		2545824542
2545992959		2545824543
2546039261		2545824552
2546097622		2545824564
2546146201		2545824614
2546147991		2545824615
2546898974		2546825524
2546923780		2546825531
2546931419		2546825533
2546939877		2546825534
2546994231		2546825546
2546999715		2546825547
2547097044		2546826724
2547119576		2546826728
2547129499		2546826730
2548760757		2547132469
2548761246		2547132470
2548850471		2547132513
2548869042		2547132518
2548874383		2547132519
2551284699		2548877166
2568525528		2548877170
2551300478		2548877171
2556834960		2556793013
2556854447		2556793019
2556939656		2556921005
2568525514		2556921006
2556953271		2556921007
2556957013		2556921008
2568525515		2556921009
2568525502		2556921011
2568525519		2556921012
2556975006		2556921013
2568525511		2556921014
2556996433		2556921017
2556999159		2556921018
2557098443		2556921039
2557116747		2556921042
2557127600		2556921043
2557134290		2556921045
2557390460		2556921091
2568525507		2556921092
2568525509		2556921093
2568525547		2556921094
2557406340		2556921096
2568525533		2556921098
2557451073		2556921109
2557452708		2556921110
2557456060		2556921111
2557459330		2556921112
2557465064		2556921113
2558015739		2556921601
2568525510		2556921602
2558020142		2556921603
2558086645		2556921618
2568525536		2556921620
2568525503		2556921621
2558103042		2556921622
2568525542		2556921623
2558107425		2556921624
2558111850		2556921625
2558115406		2556921627
2558118596		2556921628
2568525532		2556921629
2568525530		2556921631
2558121872		2556921632
2558122136		2556921633
2568525538		2556921648
2558204021		2556921650
2568525523		2556921651
2568525520		2556921652
2568525537		2556921653
2568525501		2556921654
2558224670		2556921655
2568525546		2556921658
2558263949		2556921665
2558268056		2556921666
2568525534		2556921667
2568525525		2556921670
2568525526		2556921671
2558289354		2556921672
2558294014		2556921674
2558297957		2556921675
2558305366		2556921676
2558312335		2558309000
2558312612		2558309001
2568525524		2558309002
2558329958		2558309005
2558351274		2558309012
2558355213		2558309013
2558419715		2558309032
2558426828		2558309033
2558428833		2558309034
2558430227		2558309035
2558436585		2558309036
2568525522		2558309037
2558671354		2558309100
2558676942		2558309101
2558677502		2558309102
2558682182		2558309103
2558684466		2558309104
2558688579		2558309105
2558693604		2558309106
2558694282		2558309107
2568525521		2558309108
2558698681		2558309109
2558851070		2558309150
2558860182		2558860100
2558871247		2558860101
2558915104		2558860112
2558919380		2558860114
2558923926		2558860115
2558925739		2558860116
2558930505		2558860118
2558935024		2558860120
2558945489		2558860124
2558948084		2558860125
2558954708		2558860127
2558957113		2558860128
2558958900		2558860129
2558982951		2558860137
2559001992		2558860144
2559004298		2558860145
2568525500		2558860159
2559031894		2558860160
2559043134		2558860163
2559044536		2558860165
2559054424		2558860168
2561417436		2558860968
2561418176		2558860969
2561421981		2558860970
2561425804		2558860971
2561435331		2558860973
2561437207		2558860974
2561439542		2558860975
2561446802		2558860976
2561446858		2558860977
2561463295		2558860981
2561464901		2558860982
2561469620		2558860983
2561484098		2558860986
2561486606		2558860987
2561489329		2558860988
2561496522		2558860991
2561499626		2558860992
2568525506		2558860993
2568525504		2558860994
2561509848		2558860995
2561666183		2561511033
2561677429		2561511035
2561682108		2561511036
2561687112		2561511037
2561697440		2561511039
2568525513		2561511040
2561707799		2561511042
2561771856		2561511058
2561773871		2561511059
2561966139		2561511066
2561973206		2561511068
2561985056		2561511071
2561986991		2561511072
2568525529		2561511074
2568525518		2561511075
2561996274		2561511076
2561997657		2561511077
2561998310		2561511078
2568525516		2561511082
2568525531		2561511083
2562029492		2561511089
2562050866		2561511095
2562052127		2561511096
2562055225		2561511097
2562064358		2561511101
2562067962		2561511102
2562073792		2561511103
2562079130		2561511104
2562084102		2561511105
2562096635		2561511107
2562101252		2561511108
2562105928		2561511109
2562110918		2561511110
2562128990		2561511113
2562134328		2561511114
2562139882		2561511115
2562167586		2561511123
2562183962		2561511128
2562189425		2561511129
2562215732		2561511137
2562222515		2561511138
2562226597		2561511139
2562233083		2561511141
2562234111		2561511142
2562529804		2561511219
2562531865		2561511220
2562533812		2561511221
2562541307		2561511223
2562541450		2561511224
2562552051		2561511227
2562556030		2561511228
2562571084		2561511233
2562580103		2561511235
2562583929		2561511236
2562584597		2561511237
2562591108		2561511239
2562617051		2562617000
2562620444		2562617001
2562667376		2562617011
2562669823		2562617012
2562671416		2562617013
2562674894		2562617014
2562803253		2562617048
2562811187		2562617050
2562813009		2562617051
2562818841		2562617052
2562822726		2562617054
2563346058		2562617194
2563356913		2562617196
2563359959		2562617198
2563364645		2562617200
2563371123		2563366501
2563373179		2563366502
2563376267		2563366504
2563379921		2563366505
2563383577		2563366506
2563386901		2563366507
2563400044		2563366508
2563411296		2563366510
2563513790		2563366531
2563519128		2563366532
2563537037		2563366537
2563539953		2563366538
2563550426		2563366540
2563552238		2563366541
2563557721		2563366544
2576860711		2563366545
2563559856		2563366546
2563768362		2563366717
2563776844		2563366719
2563785649		2563366721
2576860718		2563366723
2576860708		2563366724
2576860722		2563366725
2576860712		2563366726
2563809033		2563366727
2563811527		2563366728
2576860715		2563366729
2576860706		2563366730
2563821465		2563366731
2576860707		2563366733
2563834868		2563366734
2563835217		2563366735
2563846933		2563366738
2563853767		2563366739
2565953743		2563367225
2565984256		2565956507
2565986833		2565956508
2576860721		2565956509
2565994113		2565956510
2565998897		2565956511
2566005289		2565956514
2576860719		2565956515
2576860720		2565956516
2576860701		2565956517
2576860726		2565956518
2566031097		2565956519
2566034841		2565956520
2576860727		2565956521
2566043159		2565956522
2576860704		2565956523
2566052449		2565956524
2576860705		2565956525
2566056637		2565956526
2566062912		2565956527
2566067928		2565956528
2566069379		2565956529
2566072369		2565956530
2576860724		2565956531
2566075428		2565956532
2566076136		2565956533
2576860700		2565956542
2568503865		2565957137
2568510081		2565957139
2568529183		2568526001
2576860702		2568526002
2568538797		2568526003
2576860709		2568526004
2576860716		2568526005
2576860713		2568526006
2576860725		2568526007
2568554321		2568526008
2576860703		2568526009
2576860710		2568526010
2576860717		2568526011
2576860714		2568526012
2571060503		2571042002
2571065556		2571042004
2571070949		2571042005
2571080635		2571042007
2571086005		2571042008
2571091015		2571042009
2571093690		2571042010
2571098663		2571042012
2571107496		2571042013
2572189398		2571042345
2572244609		2571042362
2572249033		2571042363
2572252942		2571042364
2572254991		2571042365
2572257143		2571042366
2574124266		2571042907
2574126406		2571042908
2574131070		2571042909
2574145340		2571042912
2574148561		2571042913
2574152748		2571042914
2574155884		2571042915
2574158713		2571042916
2574162677		2571042917
2574166292		2571042918
2574179505		2571042922
2574183475		2574179700
2574186385		2574179701
2574190445		2574179703
2574194668		2574179704
2574198897		2574179705
2574215669		2574179708
2574221017		2574179709
2574250282		2574179718
2574263376		2574179721
2574266976		2574179722
2574279209		2574179725
2574287197		2574179727
2574320895		2574179736
2574331272		2574179739
2574332829		2574179740
2574336033		2574179741
2574339457		2574179743
2574341179		2574179744
2574351751		2574179746
2574361131		2574179749
2574370381		2574179751
2574371367		2574179752
2574376231		2574179754
2574384018		2574179756
2574391495		2574179761
2574399426		2574179762
2574412050		2574179763
2574421431		2574179766
2574426486		2574179767
2574433532		2574179768
2574436823		2574179770
2574443939		2574179771
2574445121		2574179772
2574451734		2574179773
2574460525		2574179776
2574464015		2574179777
2574465892		2574179778
2574470192		2574179779
2574473169		2574179780
2574476933		2574179781
2574479736		2574179782
2574482553		2574179783
2574485664		2574179784
2574488988		2574179785
2574497994		2574179786
2574523310		2574179791
2574525574		2574179792
2574532804		2574179793
2574538234		2574179794
2574545902		2574179795
2576778908		2574180433
2576789966		2574180436
2576793530		2574180437
2576801523		2574180438
2576801618		2574180439
2576817364		2574180442
2576819362		2574180443
2576837886		2574180448
2576850803		2574180450
2576855082		2574180451
2576858326		2574180452
2576860631		2574180453
2578255339		2576861397
2578259387		2576861398
2578262097		2576861399
2578265058		2576861400
2578268581		2576861401
2578275499		2576861403
2578317105		2576861418
2579718847		2576861815
2579724585		2576861816
2579731170		2576861818
2579734716		2576861819
2579752455		2576861823
2579762080		2576861825
2579771531		2576861830
2579775444		2576861831
2579830566		2579778515
2579835325		2579778516
2579841458		2579778518
2579848380		2579778519
2579849581		2579778520
2579858710		2579778522
2579861787		2579778523
2582506347		2579779151
2582515873		2579779156
2582521434		2579779157
2582524256		2579779158
2582527509		2579779159
2582530463		2579779161
2582539694		2579779162
2582541462		2579779163
2582548358		2579779165
2582558244		2579779168
2582563844		2579779169
2582569453		2579779170
2582580871		2582580500
2582587680		2582580502
2582591839		2582580503
2583059473		2582580713
2583095837		2582580720
2583101879		2582580721
2583123231		2582580726
2583127966		2582580727
2583131089		2582580729
2583137849		2582580731
2583143272		2582580732
2583143813		2582580733
2583185115		2582580744
2583189227		2582580745
2583194970		2582580746
2583210312		2582580751
2585002182		2582581225
2585007944		2582581226
2585018445		2582581239
2585023221		2582581240
2585027281		2582581241
2585032410		2582581242
2585047823		2582581250
2585050061		2582581251
2585053582		2582581252
2585070867		2582581258
2585084558		2582581260
2585099388		2582581264
2585105046		2582581266
2585111495		2582581268
2585120313		2582581270
2585123289		2582581271
2585125612		2582581272
2585127687		2582581273
2585140858		2582581277
2585145756		2582581278
2585147411		2582581279
2585154447		2582581280
2585159964		2582581281
2585164177		2582581282
2585169922		2582581283
2585197890		2582581293
2585206018		2582581294
2585209851		2582581295
2585220532		2582581297
2585227592		2582581298
2585234050		2582581299
2585234518		2582581300
2585242155		2582581301
2585244441		2582581302
2585259670		2582581304
2585261697		2582581305
2585270543		2582581306
2585276807		2582581307
2585283836		2582581308
2585302572		2582581312
2585311719		2582581313
2585322298		2582581314
2585329306		2582581315
2585336730		2582581316
2585337114		2582581317
2585346169		2582581318
2585349350		2582581319
2585351091		2582581320
2585355039		2582581322
2585357973		2582581324
2585362342		2582581325
2585369226		2582581379
2585398384		2582581866
2585405464		2582581867
2585406410		2582581868
2585409188		2582581869
2585411490		2582581870
2585420795		2582581872
2585424201		2582581873
2585518459		2585427525
2585530455		2585427526
2585537342		2585427527
2585543865		2585427528
2585551013		2585427529
2585557997		2585427530
2585564593		2585427531
2585677568		2585427554
2585681229		2585427555
2585686422		2585427556
2585689476		2585427557
2585694836		2585427558
2585702334		2585427559
2585707726		2585427560
2585714755		2585427561
2585719621		2585427562
2585814786		2585427589
2585825313		2585427590
2585830448		2585427591
2585842205		2585427593
2585848108		2585427594
2585855768		2585427595
2585865666		2585427599
2585876417		2585427600
2585881526		2585427602
2585894299		2585427607
2585897473		2585427608
2585903296		2585427609
2585910419		2585427610
2585916118		2585427611
2587667905		2585428042
2587676788		2585428044
2587722245		2585428056
2587727960		2585428057
2587731022		2585428058
2587745365		2585428059
2587754000		2585428061
2587758914		2585428062
2587765216		2585428064
2587778933		2585428068
2587789483		2585428071
2587798507		2585428073
2587821006		2585428080
2587823921		2585428081
2587825989		2585428082
2587828557		2585428083
2587833181		2585428084
2587837042		2585428085
2587840586		2585428086
2587847743		2585428088
2587852314		2585428089
2587858053		2585428091
2587859826		2585428092
2587861541		2585428093
2587861601		2585428094
2587865163		2585428095
2587901599		2585428102
2587906088		2585428103
2587910591		2585428104
2587915294		2585428105
2587916193		2585428106
2587947722		2585428116
2587949920		2585428117
2587978724		2585428125
2588029250		2585428133
2588058177		2585428142
2588061459		2585428143
2588063449		2585428144
2588068744		2585428146
2588071046		2585428147
2588075366		2585428148
2588075929		2585428149
2588080119		2585428150
2588094273		2585428153
2588097481		2585428154
2588102944		2585428156
2588106519		2585428157
2588168377		2585428171
2588169142		2585428172
2588180234		2585428174
2588205846		2585428181
2588212320		2585428183
2588217700		2585428184
2588222235		2585428185
2588226297		2585428186
2588230917		2585428187
2588235977		2585428188
2588244300		2585428190
2588253181		2585428193
2588256032		2588253501
2588289769		2588253510
2588298299		2588253511
2588323477		2588253518
2588443446		2588253712
2590609315		2588254257
2590618321		2588254259
2590634672		2588254263
2590646934		2588254267
2590651226		2588254269
2590657241		2588254270
2590662777		2588254271
2590737739		2588254291
2590801530		2588254305
2592948878		2590828807
2592968933		2590828815
2592971591		2590828816
2592975622		2590828817
2593179474		2590828823
2593300880		2590828854
2593306469		2590828855
2593319486		2590828857
2593332194		2590828860
2593338298		2590828861
2595072560		2593339127
2595101018		2593339134
2595114973		2593339137
2595118438		2593339138
2595120064		2593339139
2595122178		2593339140
2595126735		2593339141
2595136704		2593339144
2595143030		2593339145
2595146144		2593339146
2595151437		2593339147
2595154415		2593339148
2595158058		2593339149
2595159064		2593339150
2595163644		2593339151
2595167536		2593339152
2595169091		2593339153
2595174914		2593339155
2595176934		2593339156
2595179573		2593339157
2595182057		2593339158
2595184418		2593339159
2595195689		2593339163
2595197737		2593339164
2595200873		2593339165
2595205797		2593339167
2595305497		2593339195
2595309888		2593339196
2595328164		2593339200
2595361635		2593339210
2595363852		2593339211
2595366226		2593339212
2595367292		2593339213
2595372327		2593339215
2595375078		2593339216
2595378041		2593339217
2595386404		2593339220
2595389108		2593339221
2595394097		2593339223
2595397919		2593339224
2595400432		2593339225
2595405413		2593339226
2595440513		2593339236
2595443156		2593339237
2595466221		2593339243
2595470332		2593339245
2595502895		2593339252
2595507555		2593339253
2595510570		2593339254
2595513126		2593339255
2595522401		2593339259
2595556313		2593339266
2595565293		2593339269
2595581607		2593339274
2595589537		2593339276
2595591045		2593339277
2595597447		2593339278
2595600399		2593339279
2595604003		2593339280
2595607041		2593339281
2595608806		2593339282
2595615243		2593339283
2595617386		2593339284
2595623771		2593339285
2595627528		2593339286
2595634845		2593339288
2595637745		2593339289
2595639123		2593339290
2595644046		2593339291
2595648335		2593339292
2595653531		2593339293
2595654291		2593339294
2595672492		2593339298
2595675965		2593339299
2595678416		2593339300
2595683951		2593339301
2595692238		2593339303
2595697962		2593339304
2596234488		2595698202
2596235306		2595698203
2596241861		2595698204
2596245188		2595698205
2596249857		2595698206
2596252963		2595698207
2596253831		2595698208
2596261193		2595698209
2596265577		2595698210
2596271415		2595698212
2596279527		2595698215
2596279585		2595698216
2596285993		2595698218
2596300151		2595698221
2596300156		2595698222
2596305953		2595698223
2596307978		2595698224
2596312467		2595698225
2596323936		2595698227
2596326565		2595698228
2596377577		2595698237
2596383362		2595698239
2596384963		2595698240
2596387315		2595698241
2596394128		2595698243
2596398610		2595698246
2596411687		2595698248
2596417646		2595698250
2596428910		2595698251
2596434004		2595698252
2596442274		2595698253
2596442326		2595698254
2596560459		2595699004
2596570862		2595699006
2596575796		2595699007
2596579351		2595699008
2596582163		2595699009
2596705582		2596583524
2596710058		2596583525
2596728026		2596583529
2596736979		2596583530
2596740019		2596583531
2596753422		2596583533
2596785401		2596583537
2596792466		2596583538
2596798898		2596583539
2596811220		2596583543
2596826250		2596583546
2596829063		2596583547
2596833306		2596583548
2596837119		2596583549
2596840658		2596583555
2596849087		2596583556
2596852894		2596583557
2596855573		2596583559
2596863936		2596583561
2596890403		2596583569
2596901882		2596583570
2596904870		2596583571
2596909145		2596583572
2596918157		2596583574
2596918164		2596583575
2596933196		2596583576
2596935846		2596583577
2596945557		2596583579
2596960782		2596583582
2596968433		2596583584
2596971383		2596583585
2596982279		2596583587
2597017000		2596583595
2597027897		2596583597
2597032846		2596583598
2597038026		2596583599
2597039510		2596583600
2597046122		2596583601
2597052213		2596583603
2597052239		2596583604
2597092721		2596583621
2597100469		2596583622
2597102264		2596583623
2597110599		2596583624
2597113717		2596583625
2597121180		2596583626
2597125609		2596583627
2597125880		2596583628
2597210271		2596583642
2597212294		2596583643
2597217410		2596583644
2597227675		2596583647
2597233799		2596583648
2597241885		2596583650
2597244652		2596583651
2597248585		2596583652
2597278399		2596583654
2597287441		2596583655
2597294325		2596583656
2597298877		2596583657
2597311503		2596583659
2597312938		2596583660
2597363459		2596583671
2597370206		2596583672
2597377027		2596583673
2597383932		2596583674
2597386549		2596583675
2597389112		2596583676
2597389893		2596583677
2597405512		2596583681
2597410659		2596583682
2597410878		2596583683
2597416113		2596583684
2597419218		2596583685
2597428795		2596583687
2597432139		2596583688
2597435622		2596583689
2597440307		2596583690
2597445753		2596583692
2597448787		2596583693
2597452822		2596583694
2597458142		2596583696
2597464436		2596583697
2597466400		2596583698
2597469013		2596583699
2597477286		2596583700
2597478441		2596583701
2597481532		2596583702
2599012438		2597490334
2599015814		2597490335
2599035317		2597490341
2599044390		2597490343
2599048564		2597490344
2599055212		2597490345
2599061972		2597490346
2599067960		2597490347
2599078520		2597490350
2599081818		2597490351
2599098366		2597490355
2599101636		2597490356
2599111815		2597490357
2599116991		2597490358
2599123925		2597490362
2599126407		2597490363
2599130475		2597490364
2599137706		2597490365
2599140091		2597490366
2599143624		2597490367
2599146193		2597490368
2599149841		2597490370
2599163163		2597490371
2599170197		2597490373
2599172331		2597490374
2599173744		2597490375
2599177196		2597490376
2599180494		2597490377
2599183858		2597490378
2599184520		2597490379
2599292374		2599185145
2599294348		2599185146
2599297775		2599185148
2599303528		2599185149
2599309211		2599185150
2599311179		2599185152
2599313649		2599185153
2599336430		2599185156
2599364878		2599185161
2599396423		2599185166
2599408612		2599185168
2599419899		2599185170
2599427056		2599185172
2599431206		2599185173
2599436530		2599185176
2599448679		2599185178
2599454660		2599185179
2599476593		2599185183
2599482056		2599185184
2599499857		2599185187
2599505446		2599185188
2599527216		2599185192
2599531162		2599185193
2599535833		2599185194
2599541548		2599185195
2599544949		2599185196
2599550027		2599185197
2599571840		2599185202
2599578842		2599185203
2599586300		2599185205
2599589325		2599185206
2599593764		2599185207
2599606631		2599185210
2599611067		2599185211
2599620469		2599185213
2599628112		2599185214
2599633914		2599185216
2599648187		2599185218
2599650404		2599185219
2599652490		2599185220
2599670395		2599185225
2599678031		2599185226
2599679496		2599185227
2599689213		2599185228
2599697631		2599185229
2599707045		2599185232
2599724391		2599185236
2599731352		2599185237
2599734162		2599185238
2599763849		2599185245
2599767109		2599185247
2599801337		2599185257
2599815778		2599185260
2599818785		2599185261
2599824771		2599185263
2599847072		2599185268
2599852033		2599185271
2599895890		2599185290
2599920780		2599185297
2599925052		2599185298
2599939892		2599185301
2599946458		2599185302
2599957762		2599185304
2599975565		2599185307
2599987023		2599185309
2599998052		2599185311
2600045395		2599185319
2600050708		2599185320
2600080796		2599185326
2600198032		2599185352
2600211573		2599185355
2600220828		2599185358
2600353655		2600254929
2600373116		2600254933
2600442898		2600254954
2600447108		2600254955
2601543813		2600255258
2601613259		2600255279
2601623468		2600255283
2601672813		2600255293
2601750031		2600255308
2602007942		2600255389
2602012916		2600255390
2603602859		2602042031
2603708691		2602042068
2603735464		2602042075
2603742532		2602042078
2603783426		2602042090
2603860718		2602042107
2606079150		2603880186
2606085830		2603880187
2606188062		2603880214
2606192369		2603880215
2606200808		2603880217
2606207914		2603880219
2606582493		2606217201
2606776007		2606217240
2606836273		2606217257
2606841576		2606217259
2606879136		2606217270
2606882984		2606217271
2606886534		2606217272
2606888090		2606217273
2606894893		2606217274
2606903446		2606217275
2606904540		2606217276
2606908306		2606217277
2606912592		2606217279
2606915879		2606217280
2606922381		2606217282
2606976498		2606217295
2606998786		2606217300
2607006484		2606217304
2607007765		2606217305
2607010908		2606217306
2607011457		2606217307
2607014842		2606217308
2607040894		2606217321
2607043549		2606217322
2607048166		2606217323
2607062828		2606217327
2607133645		2606217351
2607182782		2606217368
2607192776		2606217369
2607203242		2606217371
2607203645		2606217372
2607208163		2606217374
2607214819		2606217375
2607279794		2606217395
2607290502		2606217398
2607300951		2606217400
2607306308		2606217402
2607483355		2606217457
2607491386		2606217460
2607496919		2606217461
2607500790		2606217462
2607507801		2606217464
2607528536		2606217469
2607533689		2606217472
2607571883		2606217485
2607586696		2606217490
2607631560		2606217505
2607632100		2606217506
2607638132		2606217508
2607642656		2606217509
2607643620		2606217510
2607660088		2606217514
2607690807		2606217523
2607696825		2606217525
2607751706		2606217540
2607789068		2606217548
2607817423		2606217559
2607823233		2606217562
2607824641		2606217563
2607846535		2606217568
2607900510		2606217582
2607973161		2606217604
2607992491		2606217610
2607995352		2606217611
2608015150		2606217615
2608031497		2606217619
2608032886		2606217620
2608123751		2606217649
2608175423		2606217670
2608238660		2606217693
2608242743		2606217694
2608248738		2606217695
2608250161		2606217696
2608250953		2606217697
2608255340		2606217698
2608262488		2606217699
2608277758		2606217704
2608283101		2606217706
2608286461		2606217707
2608290610		2606217708
2608296376		2606217710
2608310271		2606217714
2608357938		2606217727
2608385482		2606217733
2608390228		2606217736
2608461647		2606217753
2608463776		2606217754
2608465999		2606217755
2608469086		2606217756
2608576997		2606217797
2608584586		2606217799
2608587401		2606217800
2608632042		2606217811
2608634169		2606217812
2608644877		2608642100
2608978706		2608642165
2608982000		2608642166
2608984189		2608642167
2608990212		2608642168
2609146265		2608642217
2609169301		2608642220
2609229808		2608642243
2609287489		2608642260
2609552593		2609459631
2609560003		2609459632
2609563365		2609459633
2609583653		2609459641
2609589529		2609459642
2609604886		2609459644
2609743250		2609459711
2609806774		2609459735
2609811732		2609459736
2609816853		2609459737
2609820856		2609459738
2609830485		2609459740
2609835956		2609459741
2609840795		2609459742
2609846193		2609459743
2609878531		2609459751
2609907166		2609459760
2609921734		2609459762
2609930316		2609459763
2609933243		2609459764
2609938271		2609459765
2609943696		2609459766
2609945360		2609459767
2609951763		2609459768
2615922498		2615840522
2615929033		2615840523
2615929863		2615840524
2615937908		2615840527
2615940793		2615840528
2615959789		2615840533
2615977386		2615840536
2616003057		2615840540
2616012483		2615840541
2616178601		2615840592
2616190518		2615840595
2616204437		2615840601
2616213529		2615840602
2616218781		2615840603
2616228162		2615840605
2616234122		2615840607
2616242786		2615840609
2616248507		2615840612
2616252424		2615840613
2616256645		2615840614
2616261502		2615840615
2616265631		2615840617
2616298466		2615840624
2616313275		2615840626
2616336877		2615840633
2616365250		2615840637
2616369878		2615840638
2616379901		2615840640
2616384700		2615840641
2616389289		2615840642
2616397047		2615840643
2616410893		2615840646
2616418786		2615840648
2616426488		2615840649
2616443041		2615840657
2616443997		2615840658
2616487659		2615840681
2616500621		2615840685
2616546742		2615840697
2616551835		2615840698
2616567310		2615840706
2616572745		2615840707
2616576275		2615840708
2616579977		2615840709
2616591348		2615840712
2616595275		2615840713
2616599456		2615840715
2616605395		2615840716
2616610787		2615840717
2616613477		2615840718
2616621654		2615840719
2616625425		2615840720
2616629412		2615840721
2616641320		2615840723
2616666760		2616644807
2616671241		2616644808
2616675046		2616644809
2616679078		2616644810
2616680548		2616644811
2616684424		2616644812
2616692923		2616644813
2616703496		2616644814
2616706648		2616644817
2616709010		2616644818
2616711183		2616644820
2616716797		2616644821
2616719648		2616644822
2616728550		2616644829
2616735466		2616644831
2616740777		2616644832
2616741133		2616644833
2616742936		2616644834
2616765787		2616644844
2616884982		2616644927
2616906830		2616644941
2617047682		2616644975
2617070707		2616644986
2617181372		2616645010
2617283906		2617270705
2617286266		2617270709
2617323481		2617270727
2617324868		2617270728
2617334237		2617270730
2617337633		2617270732
2617340797		2617270733
2617350317		2617270735
2617374406		2617270741
2617386803		2617270742
2617433588		2617270757
2617451106		2617270761
2617452925		2617270762
2617467899		2617270766
2617497353		2617270777
2617508530		2617270780
2617511778		2617270781
2617518991		2617270783
2617529837		2617270786
2617542510		2617270790
2617656072		2617270824
2617662549		2617270825
2617664195		2617270826
2617666302		2617270827
2617669893		2617270828
2617675253		2617270829
2617682765		2617270831
2617702929		2617270834
2617711590		2617270836
2617762850		2617270856
2617772746		2617270859
2617828845		2617270870
2617829444		2617270871
2617837100		2617270872
2617844781		2617270873
2617849645		2617270874
2617854892		2617270875
2617864569		2617270877
2617871002		2617270879
2617876454		2617270880
2617882260		2617270881
2617882263		2617270882
2617893619		2617270884
2617902532		2617270886
2617939264		2617270895
2617940926		2617270898
2617945624		2617270899
2617952109		2617270900
2617955974		2617270901
2617974422		2617270905
2617982649		2617270907
2618002519		2617270912
2618006528		2617270913
2618010450		2617270914
2618015680		2617270915
2618017104		2617270916
2618020930		2617270917
2618025407		2617270918
2618031660		2617270919
2618046176		2617270922
2618049670		2617270923
2618055594		2617270924
2618057128		2617270925
2618085676		2617270931
2618087408		2617270932
2618102834		2617270936
2619645266		2619618817
2619652281		2619618819
2619671922		2619618825
2619806864		2619618868
2619824144		2619618872
2619902901		2619618894
2620054667		2619618938
2620058057		2619618939
2620092416		2619618959
2620101545		2619618961
2620107358		2619618962
2620322496		2619618994
2620326670		2619618996
2620334770		2619618997
2620358480		2619619004
2620362615		2619619006
2620367620		2619619008
2620377439		2619619010
2620379024		2619619011
2620398086		2619619019
2620436781		2619619026
2620441296		2619619027
2620457268		2619619030
2620461992		2619619031
2620480311		2619619033
2620494384		2619619035
2620501523		2619619037
2620503391		2619619038
2620524687		2619619046
2620530461		2619619047
2620532851		2619619048
2620539545		2619619049
2620574775		2619619073
2620579149		2619619074
2620606305		2619619079
2620614286		2619619082
2620663732		2619619094
2620678390		2619619097
2622716257		2619619641
2622722784		2619619642
2622725738		2619619643
2622728035		2619619644
2622734823		2619619645
2622838895		2622736430
2622845811		2622736431
2622852073		2622736432
2622854661		2622736433
2622868248		2622736435
2622872226		2622736436
2622875825		2622736437
2622879559		2622736438
2622916787		2622736446
2622952766		2622736459
2623034278		2622736476
2623156737		2622736498
2623160205		2622736499
2623167141		2622736501
2623173495		2622736503
2623176503		2622736504
2623181136		2622736505
2623188408		2622736507
2623192252		2622736508
2623202746		2622736511
2623207826		2622736512
2623214014		2622736513
2623220984		2622736515
2623225386		2622736517
2623230541		2622736518
2623233197		2622736519
2623245222		2622736522
2623257796		2622736525
2623265272		2622736527
2623278388		2622736530
2623284553		2622736531
2623288062		2622736532
2623296755		2622736534
2623297437		2622736535
2623306809		2622736536
2623317451		2622736539
2623322750		2622736540
2623324648		2622736541
2623332588		2622736542
2623398675		2622736580
2623402696		2622736581
2623412700		2622736583
2623419303		2622736584
2623421075		2622736585
2623430218		2622736587
2623440110		2622736589
2623443940		2622736590
2623450645		2622736591
2623457689		2622736592
2623469164		2622736595
2623475048		2622736598
2623481766		2622736599
2623488838		2622736603
2623493232		2622736604
2623502336		2622736605
2623504549		2622736606
2623515583		2622736608
2623524227		2622736609
2623525870		2622736610
2623533652		2622736611
2623536045		2622736612
2623543453		2622736613
2623585571		2622736626
2623591784		2622736627
2623594619		2622736628
2623611210		2622736631
2623617372		2622736636
2623618942		2622736637
2624282767		2623620396
2624509013		2623620451
2624539265		2623620456
2624618254		2623620481
2624633934		2623620486
2624725992		2623620509
2624753374		2623620518
2624778406		2623620524
2624888925		2623620551
2624907862		2623620556
2624910855		2623620557
2624950551		2623620567
2624965195		2623620569
2625026973		2623620579
2625030757		2623620580
2625049729		2623620585
2625178066		2623620609
2625184820		2623620610
2625191322		2623620611
2625196216		2623620612
2625202518		2623620613
2625205302		2623620614
2625218939		2623620617
2625223446		2623620618
2626523606		2623621020
2626525687		2623621021
2626530882		2623621023
2628160448		2627853595
2628173052		2627853598
2628176134		2627853599
2628180510		2627853600
2628181706		2627853601
2628185053		2627853602
2628204484		2627853606
2628206104		2627853607
2628211539		2627853609
2630919401		2627854283
2630922651		2627854284
2630925578		2627854285
2630929698		2627854286
2630936847		2627854287
2630939669		2627854288
2630948079		2627854289
2630953864		2627854290
2630962771		2627854291
2631016004		2630968219
2631110087		2630968261
2631119152		2630968262
2631126870		2630968263
2631128533		2630968264
2631212362		2630968289
2631220453		2630968292
2631224395		2630968293
2631227727		2630968294
2631244786		2630968301
2631247280		2630968302
2632332226		2630968572
2632764459		2630968672
2634079536		2630968996
2634084096		2630968997
2634123841		2630969010
2634133348		2630969012
2634617468		2634166153
2634621289		2634166154
2634631384		2634166170
2634641418		2634166172
2634644130		2634166173
2634662205		2634166182
2634734856		2634166197
2634738092		2634166198
2634745599		2634166199
2634758926		2634166206
2634997642		2634166273
2635004116		2634166274
2635008457		2634166275
2635018026		2634166276
2635025216		2634166279
2635028916		2634166280
2635031180		2634166281
2635035315		2634166282
2635069646		2634166294
2635081541		2634166297
2635085265		2634166298
2635089683		2634166299
2635098310		2634166301
2635108920		2634166303
2635111303		2634166304
2635121092		2634166306
2635122939		2634166307
2635127054		2634166308
2635131192		2634166309
2635150021		2634166313
2635158612		2634166314
2635163129		2634166315
2635165750		2634166316
2635169015		2634166317
2635178903		2634166319
2635179253		2634166320
2635190338		2634166322
2635193127		2634166323
2635205151		2634166326
2635212908		2634166327
2635224413		2634166330
2635233954		2634166331
2635247495		2634166333
2635247823		2634166334
2635249608		2634166335
2635251861		2634166336
2635254800		2634166337
2635261425		2634166338
2635270216		2634166339
2635276182		2634166340
2635285653		2634166341
2635287024		2634166342
2635291489		2634166343
2635294701		2634166344
2635297818		2634166345
2635304108		2634166346
2635308870		2634166347
2635316930		2634166348
2635336437		2634166352
2635337998		2634166353
2635343281		2634166354
2635348408		2634166355
2635356221		2634166357
2635364257		2634166359
2635365331		2634166360
2635379722		2634166362
2635385727		2634166363
2635405555		2634166369
2635409598		2634166370
2635413926		2634166371
2635423478		2634166372
2635427710		2634166373
2635565426		2634166410
2636004056		2634166516
2636043932		2634166531
2636095513		2634166548
2636097597		2634166549
2636107597		2634166551
2636171394		2634166628
2636336582		2634166844
2636377726		2634166896
2636381426		2634166897
2636389314		2634166899
2636398381		2634166900
2636412620		2634166904
2637391513		2636415640
2637400903		2636415642
2638750471		2636415968
2638769689		2636415974
2638772530		2636415975
2638781968		2636415977
2638783182		2636415978
2638798414		2636415982
2638913414		2636416004
2638921786		2636416005
2638925901		2636416006
2638955699		2636416017
2638961983		2636416018
2638964982		2636416019
2638970975		2636416020
2638984837		2636416022
2638999705		2636416034
2639009913		2636416037
2639011895		2636416038
2639038097		2636416043
2639053543		2636416046
2639062739		2636416047
2639067034		2636416048
2639075327		2636416051
2639081216		2636416056
2639087900		2636416057
2639089683		2636416058
2639110422		2636416063
2639113191		2636416064
2639119698		2636416065
2639161660		2636416072
2639166107		2636416073
2639181176		2636416078
2639187671		2636416079
2639197858		2636416080
2639222706		2636416085
2639416061		2636416124
2639625479		2636416169
2639656844		2636416176
2639665049		2636416177
2639723634		2636416187
2639727704		2636416188
2639734206		2636416189
2639739256		2636416190
2639746528		2636416191
2639751985		2636416192
2639757218		2636416193
2639775863		2639762506
2639790482		2639762509
2639826477		2639762518
2639829935		2639762519
2639837478		2639762521
2639847897		2639762525
2639852115		2639762526
2639993046		2639762559
2639996134		2639762560
2640001898		2639762561
2640009147		2639762562
2640010431		2639762563
2640021154		2639762567
2640031141		2639762569
2640047130		2639762574
2640051120		2639762575
2640056465		2639762576
2640060711		2639762577
2640068494		2639762578
2640071924		2639762579
2640072992		2639762580
2640076601		2639762581
2640088219		2639762588
2640097353		2639762589
2640146524		2639762602
2640213518		2639762615
2640220818		2639762616
2640223757		2639762617
2640231382		2639762618
2640233871		2639762619
2640243774		2639762620
2640266210		2639762630
2640270884		2639762631
2640270888		2639762632
2640276165		2639762633
2640287148		2639762634
2640287279		2639762635
2640297510		2639762637
2640301782		2639762638
2640311838		2639762639
2640350515		2639762651
2640369979		2639762655
2640395502		2639762659
2640401129		2639762661
2640401771		2639762662
2640451705		2639762715
2642366187		2639763190
2642388880		2639763195
2642393619		2639763196
2642399485		2639763197
2642405492		2639763198
2642412428		2639763199
2642414795		2639763200
2642478497		2642422515
2642479988		2642422516
2642489031		2642422517
2642511568		2642422525
2642592092		2642422537
2642604662		2642422540
2642607680		2642422541
2642610298		2642422542
2642613141		2642422543
2642616828		2642422544
2642622514		2642422546
2642625437		2642422547
2642628224		2642422548
2642631154		2642422549
2642645388		2642422554
2642658268		2642422555
2642667817		2642422557
2642670455		2642422558
2642673366		2642422559
2642677651		2642422560
2642680552		2642422561
2642693855		2642422567
2642738800		2642422585
2642741431		2642422586
2642744051		2642422587
2642746863		2642422588
2642755666		2642422592
2642842078		2642422606
2643254574		2643221409
2643403110		2643221442
2646273566		2645727629
2648357773		2645728113
2648493029		2645728182
2649451394		2648501322
2653327726		2651869922
2653574745		2651870011
2653764966		2651870102
2653772068		2651870104
2653776355		2651870105
2653787953		2651870108
2653794908		2651870109
2653803995		2651870112
2653806709		2651870113
2653812069		2651870114
2653816669		2651870115
2653827634		2651870117
2653828743		2651870118
2653837096		2651870119
2653842964		2651870120
2653849644		2651870121
2653849975		2651870122
2653861129		2651870123
2653865358		2651870125
2653872385		2651870126
2653873010		2651870127
2653880624		2651870128
2653892111		2651870130
2654008796		2651870171
2654013520		2651870172
2654029631		2651870175
2654032981		2651870176
2654347461		2651870304
2654355341		2651870307
2654357469		2651870308
2654359297		2651870309
2654372911		2651870312
2654380998		2651870314
2654394889		2651870319
2654399328		2651870320
2654402490		2651870321
2654564242		2651870358
2654570278		2651870360
2654573002		2651870361
2654575177		2651870362
2654577425		2651870363
2656119061		2654587879
2656124829		2654587880
2656129351		2654587881
2656139241		2654587884
2656173595		2654587895
2656178031		2654587896
2656189748		2654587898
2656196565		2654587900
2656199423		2654587901
2656902426		2654588101
2656915088		2654588102
2656944284		2654588106
2656945718		2654588107
2656956384		2654588108
2656977880		2654588113
2656979781		2654588114
2656984959		2654588116
2656987602		2654588117
2656992820		2654588118
2656996336		2654588119
2656999765		2654588120
2657001666		2654588121
2657003573		2654588122
2657005933		2654588123
2657008062		2654588124
2657010470		2654588125
2657012644		2654588126
2657014553		2654588127
2657021973		2654588129
2657023954		2654588130
2657030771		2654588132
2657033666		2654588134
2657035563		2654588135
2657037461		2654588136
2657039331		2654588137
2657039409		2654588138
2657056504		2654588142
2657081709		2654588147
2657085444		2654588148
2657101129		2654588151
2657146549		2654588171
2657148625		2654588172
2657150760		2654588173
2657153733		2654588174
2657157246		2654588175
2657160739		2654588176
2657172493		2654588179
2657177256		2654588180
2657185734		2654588184
2657200345		2654588194
2657210670		2654588198
2657213882		2654588199
2657216388		2654588200
2657222231		2654588201
2657225041		2654588203
2657228889		2654588204
2657230840		2654588205
2657235393		2654588206
2657237271		2654588207
2657239127		2654588208
2657241012		2654588209
2657364813		2657244902
2657366521		2657244903
2658528613		2657245269
2658534904		2657245271
2658538378		2657245272
2658596694		2657245330
2658724466		2657245368
2658730413		2657245369
2658735796		2657245370
2660027574		2657245700
2660028813		2657245701
2660036621		2657245702
2660043050		2657245703
2660050063		2657245704
2660055707		2657245705
2660068588		2657245706
2660072671		2657245707
2660080767		2657245708
2660090249		2657245709
2660097350		2657245710
2660101023		2657245711
2660109642		2657245712
2660111328		2657245713
2660123606		2657245714
2660129432		2657245715
2660131006		2657245716
2660142116		2657245717
2660143940		2657245718
2660156976		2657245719
2660162890		2657245720
2660171204		2657245721
2660174000		2657245722
2660189018		2657245723
2660195271		2657245724
2660203061		2657245725
2660204765		2657245726
2660229446		2657245728
2660234656		2657245729
2660241229		2660237900
2663665507		2660238784
2664114981		2663762717
2664119132		2663762718
2664123502		2663762719
2664125893		2663762720
2664134936		2663762721
2664141197		2663762722
2664192350		2663762742
2664193535		2663762743
2664200000		2663762744
2664203261		2663762745
2664208453		2663762746
2664212557		2663762747
2664216796		2663762748
2664226460		2663762750
2664232030		2663762751
2664239730		2663762753
2664248847		2663762755
2664270936		2663762759
2664305923		2663762766
2664310595		2663762767
2664315884		2663762768
2664324271		2663762770
2664329507		2663762771
2664335321		2663762772
2664340418		2663762773
2664345451		2663762774
2664348690		2663762775
2664353099		2663762776
2664358322		2663762777
2664361946		2663762778
2664367247		2663762779
2664372238		2663762780
2664383413		2663762782
2664388670		2663762783
2664405245		2663762789
2664408080		2663762790
2664410535		2663762791
2664413446		2663762792
2664422716		2663762793
2664428128		2663762794
2664433798		2663762795
2664438491		2663762796
2664443637		2663762797
2664447937		2663762798
2667492788		2663763599
2667497714		2663763600
2667503177		2663763601
2667506696		2663763602
2667511397		2663763603
2667516138		2663763604
2667522628		2663763605
2667527101		2663763606
2667556131		2667527206
2667559042		2667527207
2667561520		2667527208
2667569098		2667527209
2667574183		2667527210
2667580863		2667527211
2667584155		2667527212
2667601893		2667527218
2667609484		2667527220
2667617465		2667527223
2667621935		2667527224
2667633957		2667527226
2667636937		2667527227
2667640081		2667527228
2667646152		2667527229
2667651608		2667527230
2667666569		2667527233
2667670856		2667527234
2667673997		2667527235
2667678076		2667527236
2667907680		2667527377
2667921215		2667527380
2667937694		2667527383
2667940726		2667527384
2667940832		2667527385
2667947381		2667527386
2667951049		2667527387
2667956896		2667527388
2667960611		2667527389
2667962004		2667527390
2667966086		2667527391
2667973571		2667527392
2667977423		2667527393
2667979284		2667527394
2667985419		2667527396
2667987049		2667527397
2668004938		2667527402
2668024725		2667527405
2668029998		2667527406
2668033833		2667527407
2668047534		2667527411
2668060331		2667527412
2668064260		2667527413
2668124285		2667527430
2668130799		2667527431
2668135316		2667527432
2668144486		2667527434
2668149175		2667527435
2668155508		2667527436
2668160777		2667527437
2668168105		2667527438
2668178582		2667527440
2668208323		2667527445
2668216483		2667527447
2668223625		2667527448
2668244670		2667527451
2671076536		2667528167
2671080506		2667528168
2671094731		2667528170
2671101021		2667528171
2671106070		2667528172
2671111101		2667528173
2671117317		2667528174
2671120763		2667528175
2671130453		2667528176
2671139026		2667528178
2671141536		2667528179
2671145235		2667528180
2671155370		2667528181
2671156691		2667528182
2671162563		2667528183
2671169295		2667528184
2671176617		2667528185
2671179738		2667528186
2671240606		2671180020
2671243480		2671180021
2671255586		2671180023
2671264916		2671180025
2671278066		2671180028
2671278718		2671180029
2671296739		2671180033
2671306932		2671180035
2671307067		2671180036
2671314032		2671180037
2671345843		2671180041
2671347268		2671180042
2671353131		2671180043
2671406879		2671180065
2671411216		2671180066
2671429534		2671180069
2671432470		2671180070
2671436341		2671180071
2671439070		2671180072
2671440229		2671180073
2671442926		2671180074
2671447611		2671180075
2671449885		2671180076
2671452938		2671180077
2671456229		2671180078
2671459434		2671180079
2671464162		2671180080
2671465802		2671180081
2671470337		2671180082
2671472851		2671180083
2671486732		2671180085
2671490828		2671180087
2671496192		2671180088
2671501504		2671180089
2671508454		2671180090
2671515545		2671180091
2671548639		2671180106
2671573637		2671180112
2671579945		2671180113
2671584346		2671180114
2671589501		2671180115
2671592346		2671180116
2671601307		2671180117
2671608124		2671180118
2671654789		2671180127
2671658463		2671180128
2671660984		2671180129
2671664916		2671180130
2671665878		2671180131
2671669314		2671180132
2671672005		2671180133
2671674615		2671180134
2671678734		2671180135
2671681787		2671180136
2671684753		2671180137
2671695854		2671180139
2671759488		2671180169
2671763697		2671180170
2671767537		2671180171
2671773498		2671180172
2671774876		2671180173
2671783620		2671180174
2671799136		2671180176
2671879959		2671180218
2671884597		2671180219
2671887417		2671180220
2671889900		2671180221
2671893342		2671180222
2671896011		2671180223
2671900332		2671180224
2671903174		2671180225
2671909107		2671180226
2671914248		2671180227
2671919139		2671180228
2671921691		2671180229
2671929729		2671180231
2671935325		2671180232
2671938818		2671180233
2671941315		2671180234
2671944270		2671180235
2676035467		2675902957
2676043726		2675902958
2676044795		2675902959
2676050979		2675902960
2676057634		2675902961
2676061751		2675902962
2676071762		2675902964
2676075902		2675902965
2676223725		2675903003
2676233718		2675903005
2676236535		2675903006
2676242560		2675903007
2676248908		2675903008
2676264437		2675903011
2676271580		2675903012
2676276074		2675903013
2676280493		2675903014
2676285561		2675903015
2676288570		2675903016
2676291668		2675903017
2676296059		2675903018
2676302089		2675903019
2676305846		2675903020
2676311808		2675903021
2676315553		2675903022
2676320801		2675903023
2676326151		2675903024
2676328985		2675903025
2676335529		2675903026
2676339041		2675903027
2676340828		2675903028
2676349376		2675903029
2676352131		2675903030
2676357507		2675903031
2676361053		2675903032
2676364230		2675903033
2676367848		2675903034
2676370760		2675903035
2676372544		2675903036
2676376336		2675903037
2676380131		2675903038
2676383230		2675903039
2676383995		2675903040
2676390223		2675903041
2676390662		2675903042
2676393873		2675903043
2676398859		2675903044
2676402514		2675903045
2676410426		2675903046
2676424944		2675903049
2676433539		2675903050
2676439266		2675903051
2676443741		2675903052
2676447278		2675903053
2676453944		2675903054
2676460207		2675903055
2676465332		2675903056
2676473069		2675903057
2676477335		2675903058
2676487477		2675903059
2676497159		2675903060
2676510116		2675903062
2676520675		2675903064
2676531624		2675903065
2676539625		2675903066
2676543674		2675903067
2676736733		2675903128
2676747638		2675903129
2676759551		2675903131
2676767708		2675903132
2676773999		2675903133
2676784333		2675903134
2676793158		2675903135
2676796783		2675903136
2676799737		2675903137
2676805715		2675903138
2676823230		2675903140
2676825743		2675903141
2676832100		2675903142
2676833655		2675903143
2676836691		2675903144
2676838354		2675903145
2676846789		2675903146
2676850379		2675903147
2676853895		2675903148
2676857677		2675903149
2676861262		2675903150
2676863718		2675903151
2676867128		2675903152
2676877023		2675903153
2676881166		2675903154
2676884899		2675903155
2676888052		2675903156
2676889840		2675903157
2676894550		2675903158
2676900249		2675903159
2676904116		2675903160
2676906268		2675903161
2676908755		2675903162
2676912664		2675903163
2676916469		2675903164
2676920186		2675903165
2676924434		2675903166
2676928511		2675903167
2677086298		2675903213
2677088502		2675903214
2677091938		2675903215
2677094587		2675903216
2677097239		2675903217
2677106794		2675903218
2677110793		2675903219
2677114181		2675903220
2677117775		2675903221
2677122882		2675903222
2677133956		2675903223
2677140167		2675903224
2677144936		2675903225
2677152345		2675903226
2677156085		2675903227
2677159841		2675903228
2677163456		2675903229
2677167317		2675903230
2677171263		2675903231
2677173922		2675903232
2678937265		2675903689
2678941268		2675903690
2678946387		2675903691
2678955762		2675903692
2678962499		2675903693
2678966220		2675903694
2678968245		2675903695
2678970532		2675903696
2678975623		2675903697
2678976300		2675903698
2678977871		2675903699
2681828446		2681812804
2681832733		2681812805
2681847653		2681812807
2681857447		2681812808
2681863316		2681812809
2681863499		2681812810
2681870904		2681812812
2681874844		2681812813
2681875088		2681812814
2681882027		2681812815
2681884187		2681812816
2681985709		2681812863
2681991099		2681812864
2681994562		2681812865
2681995327		2681812866
2682000625		2681812867
2682001484		2681812868
2682010126		2681812869
2682044074		2681812890
2682055358		2681812892
2682058420		2681812893
2682062633		2681812894
2682068652		2681812895
2682076641		2681812897
2682097314		2681812905
2682101222		2681812906
2682129972		2681812914
2682136014		2681812915
2682137960		2681812917
2682154784		2681812920
2682160124		2681812921
2682165365		2681812922
2682186172		2681812929
2682189765		2681812930
2682191938		2681812931
2682197543		2681812934
2682202175		2681812935
2682262310		2681812954
2682267978		2681812955
2682271616		2681812956
2682275128		2681812957
2682277588		2681812958
2682278003		2681812959
2682283926		2681812960
2682288587		2681812961
2682288624		2681812962
2682292204		2681812963
2684367405		2681813503
2684371914		2681813504
2684376836		2681813505
2684380154		2681813506
2684384206		2681813507
2684388467		2681813508
2684393299		2681813509
2684397833		2681813510
2684400823		2681813511
2684404396		2681813512
2684407675		2681813513
2684410875		2681813514
2684414415		2681813515
2684418125		2681813516
2684420345		2681813517
2684425195		2681813518
2684429618		2681813519
2684432272		2681813520
2684435162		2681813521
2684435457		2681813522
2684503597		2681813547
2684509058		2681813548
2684513011		2681813549
2684515972		2681813550
2684520027		2681813551
2684522840		2681813552
2684528838		2681813553
2684535119		2681813554
2684536844		2681813555
2684545341		2681813556
2684547623		2681813557
2684551274		2681813558
2684555472		2681813559
2684559849		2681813560
2684564463		2681813561
2684568934		2681813562
2684575068		2681813563
2684579651		2681813564
2684583818		2681813565
2685842711		2684622833
2685854274		2684622843
2685856404		2684622844
2685859277		2684622845
2685862597		2684622846
2685865413		2684622847
2685870069		2684622848
2685874657		2684622849
2685876704		2684622850
2685881099		2684622851
2685889285		2684622856
2685982754		2684622890
2685986933		2684622891
2686030299		2684622901
2686044335		2684622904
2686056709		2684622906
2686059765		2684622907
2686061878		2684622908
2686072741		2684622910
2686346936		2684622995
2686356906		2684622997
2686362851		2684622998
2686367700		2684622999
2686373512		2684623000
2686379504		2684623001
2686386065		2684623002
2686392371		2684623003
2686396642		2684623004
2686409329		2684623006
2686416282		2684623008
2686427876		2684623012
2686481149		2684623023
2686484376		2684623024
2686508372		2684623028
2686519993		2684623030
2686557869		2684623039
2686564407		2684623041
2689647032		2687453658
2689664341		2687453675
2689669598		2687453676
2689676157		2687453677
2689678579		2687453678
2689686940		2687453679
2689692208		2687453680
2689700327		2687453681
2689706217		2687453682
2689712366		2687453683
2689716436		2687453684
2689722716		2687453685
2689731386		2687453686
2689738309		2687453687
2689743293		2687453688
2689748138		2687453689
2689756257		2687453690
2689760843		2687453691
2689767616		2687453692
2689779698		2687453695
2689782334		2687453696
2689786383		2687453697
2689795141		2687453698
2689880575		2687453721
2689888840		2687453722
2689894300		2687453723
2689894306		2687453724
2689929416		2687453730
2690000010		2687453744
2690003382		2687453745
2690006503		2687453746
2690011845		2687453747
2690017212		2687453748
2690022939		2687453749
2690054137		2687453758
2690056945		2687453759
2690063422		2687453760
2690112203		2687453772
2690113658		2687453773
2690118378		2687453774
2690124157		2687453775
2690127153		2687453776
2690129159		2687453777
2690130377		2687453778
2690140289		2687453780
2690146145		2687453781
2690152691		2687453782
2690162992		2687453784
2690165155		2687453785
2690169983		2687453786
2690174828		2687453787
2690191911		2687453789
2690197687		2687453790
2690204115		2687453791
2690209531		2687453792
2690214790		2687453793
2690216114		2687453794
2690227725		2687453795
2690292630		2687453810
2690300671		2687453811
2690309723		2687453812
2690315510		2687453813
2690320829		2690315601
2690356275		2690315611
2690365344		2690315612
2690380979		2690315615
2690385480		2690315616
2690392215		2690315617
2690397152		2690315618
2690402053		2690315619
2690406610		2690315620
2690408012		2690315621
2690418089		2690315622
2690423845		2690315623
2690433310		2690315624
2690435151		2690315625
2690437438		2690315626
2690441233		2690315627
2690446542		2690315628
2690461288		2690315632
2690465447		2690315633
2690479871		2690315635
2690504133		2690315638
2690508679		2690315639
2690511733		2690315640
2690534498		2690315646
2690543236		2690315647
2690559586		2690315650
2690566365		2690315651
2690567529		2690315652
2690578855		2690315653
2690586765		2690315654
2690591826		2690315655
2690602207		2690315657
2690606118		2690315658
2690606652		2690315660
2690612619		2690315661
2690617197		2690315662
2690670497		2690315676
2690684865		2690315677
2690689466		2690315678
2690693402		2690315679
2693395105		2690316366
2693400745		2690316367
2693404621		2690316368
2693433269		2693429500
2694652026		2693429786
2694661614		2693429787
2694664209		2693429788
2694803137		2693429819
2694803345		2693429820
2694809629		2693429821
2694815268		2693429822
2694823086		2693429823
2694827996		2693429824
2694834869		2693429825
2694851240		2693429828
2694865866		2693429854
2694869251		2693429855
2694873586		2693429856
2694878494		2693429857
2694881707		2693429858
2694885411		2693429859
2694890355		2693429860
2694892850		2693429861
2694898829		2693429862
2694902265		2693429863
2694904901		2693429864
2694910178		2693429865
2694916662		2693429866
2694918082		2693429867
2694921556		2693429868
2694929664		2693429869
2694933551		2693429870
2694937602		2693429871
2694941848		2693429872
2694947336		2693429873
2694950593		2693429874
2694955142		2693429875
2694958280		2693429876
2694961265		2693429877
2694963715		2693429878
2694967508		2693429879
2694971060		2693429880
2694974284		2693429881
2694978971		2693429882
2694982532		2693429883
2694986372		2693429884
2694988871		2693429885
2694997591		2693429886
2694999137		2693429887
2695009350		2693429888
2695013246		2693429889
2695017683		2693429890
2695021075		2693429891
2695024614		2693429892
2695028316		2693429893
2695033284		2693429894
2695040742		2693429895
2695044211		2693429896
2695048402		2693429897
2695051913		2693429898
2695056623		2693429899
2695060564		2693429900
2695063029		2693429901
2695067207		2693429902
2695074744		2693429903
2695078674		2693429904
2695082466		2693429905
2695086629		2693429906
2695090791		2693429907
2695095540		2693429908
2695099235		2693429909
2695104202		2693429910
2695108111		2693429911
2695112153		2693429912
2695115410		2693429913
2695120944		2693429914
2695126391		2693429915
2695131193		2693429916
2695380033		2693430033
2695386161		2693430034
2695395946		2693430035
2695404105		2693430036
2695455089		2695420309
2698049382		2695420918
2698062281		2695420919
2698070693		2695420920
2698074245		2695420921
2698077605		2695420922
2698080173		2695420923
2698083565		2695420924
2698086999		2695420925
2698090274		2695420926
2698094612		2695420927
2698098711		2695420928
2698103843		2695420929
2698108548		2695420930
2698112612		2695420931
2698115935		2695420932
2698120761		2695420933
2698124836		2695420934
2698127205		2695420935
2698131590		2695420936
2698135329		2695420937
2698139132		2695420938
2698141945		2695420939
2698145729		2695420940
2698148370		2695420941
2698154962		2695420942
2698158967		2695420943
2698162852		2695420944
2698167730		2695420945
2698170597		2695420946
2698175801		2695420947
2698179146		2695420948
2698187667		2695420949
2698192149		2695420950
2698192169		2695420951
2698199541		2695420952
2698199580		2695420953
2698213846		2695420955
2698217426		2695420956
2698220460		2695420957
2698224766		2695420958
2698228108		2695420959
2698233251		2695420960
2698238171		2695420961
2698242550		2695420962
2698252362		2695420963
2698254544		2695420965
2698263950		2695420966
2698267693		2695420967
2698270272		2695420968
2698311336		2695420982
2698314179		2695420983
2698329175		2695420988
2698406423		2695421013
2698410192		2695421014
2698423465		2695421015
2698425398		2695421016
2698428290		2695421017
2698431253		2695421018
2698498097		2695421038
2698508145		2695421039
2698512390		2695421040
2698515347		2695421042
2698519873		2695421043
2698523793		2695421044
2698523909		2695421045
2698527187		2695421046
2698530662		2695421047
2698535140		2695421048
2700128413		2698536694
2700131974		2698536695
2700132987		2698536696
2700144888		2698536699
2700154989		2698536700
2700158067		2698536701
2700161957		2698536702
2700162626		2698536703
2700207249		2698536713
2700211470		2698536714
2700330083		2698536747
2700334912		2698536748
2700339529		2698536749
2700347277		2698536752
2700415493		2698536811
2700415924		2698536812
2700418015		2698536813
2700422108		2698536814
2700453124		2698536816
2700456608		2698536817
2700459616		2698536818
2700465392		2698536819
2700807215		2698536942
2700810720		2698536943
2700901315		2698537012
2700923306		2698537050
2701112105		2700988678
2701115500		2700988679
2701118657		2700988680
2701128212		2700988682
2701131355		2700988683
2701134485		2700988684
2701137621		2700988685
2701140883		2700988686
2701143629		2700988687
2701146637		2700988688
2701149801		2700988689
2701152671		2700988690
2701164269		2700988693
2701168394		2700988694
2701171660		2700988695
2701177573		2700988696
2701181582		2700988697
2701184224		2700988698
2701188855		2700988699
2701194727		2700988700
2701199032		2700988701
2701202452		2700988702
2701206695		2700988703
2701207581		2700988704
2701213969		2700988705
2701218433		2700988706
2701232885		2700988709
2701238756		2700988710
2701242605		2700988711
2701246022		2700988712
2701254960		2700988713
2701262843		2700988714
2701267629		2700988715
2701330445		2700988728
2701334075		2700988729
2703702791		2700989661
2703706069		2700989662
2703709428		2700989663
2703712161		2700989664
2703715492		2700989665
2703718492		2700989666
2705539996		2703719061
2705544735		2703719062
2705558336		2703719065
2705562319		2703719066
2705564415		2703719067
2705790684		2703719179
2705834320		2703719188
2705838733		2703719189
2705843545		2703719190
2705860840		2703719194
2705867672		2703719195
2706038723		2703719235
2706045712		2703719236
2706096837		2703719254
2706111257		2703719264
2706113696		2703719265
2706249524		2703719298
2706253323		2703719299
2706257476		2703719300
2706430909		2703719342
2708420016		2706794887
2708445978		2706794911
2708458434		2706794914
2708462153		2706794915
2708465552		2706794916
2708469867		2706794917
2708475624		2706794918
2708479060		2706794919
2708484477		2706794920
2708488398		2706794921
2708493628		2706794922
2708497345		2706794923
2708605957		2706795025
2708611219		2706795026
2708614306		2706795027
2708619874		2706795028
2708623175		2706795029
2708624198		2706795030
2708633476		2706795031
2708638055		2706795032
2708766008		2708742383
2708768245		2708742384
2708771890		2708742385
2708784255		2708742389
2708789109		2708742390
2708809530		2708742395
2708819602		2708742397
2708823459		2708742398
2708827983		2708742399
2708833904		2708742400
2708837645		2708742401
2708843162		2708742412
2708847310		2708742413
2708851763		2708742414
2708856976		2708742415
2708861286		2708742416
2708865554		2708742417
2708871012		2708742418
2708875180		2708742419
2708879549		2708742420
2708912560		2708742461
2708917059		2708742462
2708919914		2708742463
2708925828		2708742464
2708931095		2708742465
2708935335		2708742466
2708939021		2708742467
2708940701		2708742468
2708945689		2708742469
2708949481		2708742470
2708949496		2708742471
2708957475		2708742472
2708959205		2708742473
2709060587		2708742528
2709067509		2708742529
2709070292		2708742530
2709072980		2708742531
2709078191		2708742532
2709084581		2708742533
2709094837		2708742535
2709095663		2708742536
2709097949		2708742537
2709104633		2708742538
2709107779		2708742539
2709112000		2708742540
2709117863		2708742541
2710163322		2708743144
2710169556		2708743145
2710184192		2708743147
2710188236		2708743148
2710194439		2708743149
2710199055		2708743150
2710207070		2708743151
2710210125		2708743152
2710218181		2708743153
2710224921		2708743154
2710233866		2708743155
2710241040		2708743156
2710245205		2708743157
2710245508		2708743158
2710250217		2708743159
2710257067		2708743160
2710261095		2708743161
2710261097		2708743162
2710580829		2710264748
2710584053		2710264749
2710611770		2710264754
2710616665		2710264755
2710617328		2710264756
2710623773		2710264757
2710683211		2710264774
2710722485		2710264786
2711562255		2710724120
2711569718		2710724122
2711576409		2710724123
2711701693		2710724202
2711704995		2710724203
2711713871		2710724204
2711732131		2710724208
2711763588		2710724218
2711767943		2710724219
2713474218		2711768613
2713483625		2711768617
2713543401		2711768632
2713551551		2711768633
2713600087		2711768647
2713633130		2711768653
2713890649		2711768838
2716544945		2713897328
2716748704		2713897432
2716803504		2713897449
2716810208		2713897450
2716816909		2713897451
2717138863		2716884256
2717798783		2716884857
2717804038		2716884858
2717845034		2716884867
2717905755		2716884894
2717953041		2716884911
2718204790		2716885052
2718204952		2716885053
2718313109		2718217636
2718317673		2718217637
2718321065		2718217638
2718327024		2718217639
2718358145		2718217650
2718364118		2718217651
2718369717		2718217652
2718377018		2718217654
2718389410		2718217660
2718394426		2718217661
2718397939		2718217662
2718406004		2718217663
2718432513		2718217676
2718436056		2718217677
2718438683		2718217678
2718444104		2718217679
2718451035		2718217681
2718476089		2718217687
2718484974		2718217689
2718494335		2718217690
2718503333		2718217692
2718506368		2718217693
2718509670		2718217694
2718512306		2718217695
2718521969		2718217699
2721733549		2718218506
2721743006		2718218509
2721743821		2718218510
2721749591		2718218511
Ga0074238_102394	Ga0074238_102394	3300005352
