test.a	test.b	first.obs.mean	first.pred.mean	nevol.obs.mean	nevol.pred.mean
0.51	0.51	6.46325334101896	74.05217494954	49.2	9.3
0.53	0.51	13.5028220627569	65.8707830611417	51.8	7.9
0.55	0.51	15.4641800383758	74.2930282431659	48.9	7.3
0.57	0.51	21.8096319977195	70.7836958186963	46.9	7.3
0.59	0.51	19.7232804194996	74.2971038570515	51.2	7.1
0.61	0.51	13.5505776829756	75.0491855992571	48.6	7.4
0.63	0.51	22.3985805346777	73.4827693836884	48.2	6.3
0.65	0.51	28.0679048384741	72.9485453038332	48	6.9
0.67	0.51	17.6867911933805	79.0947069678768	46	4.9
0.69	0.51	24.2591446531127	83.8852905383508	46	4.3
0.71	0.51	12.4130388046633	81.3366481444883	44.6	4.4
0.73	0.51	25.5013211641913	75.4464162365395	44.5	4.4
0.75	0.51	31.6121724425084	78.7238693612288	41.9	4.2
0.77	0.51	16.1708753514056	84.7110917362072	41.4	4.3
0.79	0.51	20.521805959787	85.8555689711402	37.9	2.7
0.81	0.51	21.3617880666173	88.3233020386938	38.7	3.2
0.83	0.51	23.5739163818438	Inf	34.7	2.6
0.85	0.51	24.1695987238333	88.6136578220874	33.2	2.7
0.87	0.51	30.3950002071766	Inf	31.4	2
0.89	0.51	26.5265260692295	Inf	27.3	0.9
0.91	0.51	38.2901810566465	Inf	22.2	0.7
0.93	0.51	34.0185334333343	Inf	19.5	0.8
0.95	0.51	45.9197437508347	Inf	15.2	0.7
0.97	0.51	43.6491018956536	Inf	10	0.6
0.99	0.51	Inf	Inf	3.8	0.1
0.51	0.53	12.0546469871868	68.3704468789486	45.5	6.4
0.53	0.53	14.4647735577645	71.3542562324494	48.8	8.5
0.55	0.53	11.5718648544378	70.4212949841307	50	8.5
0.57	0.53	18.2563960075807	79.2842618699772	47.6	7.3
0.59	0.53	10.5270570691753	71.2546140154875	47.1	7.2
0.61	0.53	28.5463802343728	71.406537176131	46.7	6.7
0.63	0.53	18.7289887002461	74.2367207104931	45.8	5.6
0.65	0.53	18.8973050719162	71.4072196485082	47.1	6.5
0.67	0.53	14.0759613641819	69.4164215924963	48.8	6.1
0.69	0.53	21.6716930155112	76.7031711218658	46.3	5.5
0.71	0.53	18.4701408478544	80.3155016868029	42.4	3.5
0.73	0.53	19.6995316774367	80.3582724978154	39.9	4.8
0.75	0.53	28.4901097115336	82.136136659348	43.9	4.8
0.77	0.53	25.9970157806802	83.3485625912464	40.1	3.1
0.79	0.53	15.3624441315495	86.4737485102509	39.7	3.2
0.81	0.53	25.0097788580298	87.1556314044822	37.6	2.8
0.83	0.53	25.933067758839	Inf	39	2.8
0.85	0.53	40.0362700880514	Inf	31.1	1.4
0.87	0.53	22.1931792735015	Inf	31.9	2.7
0.89	0.53	30.8016479635126	Inf	27.4	2.1
0.91	0.53	32.3461095638577	Inf	23.9	1.7
0.93	0.53	38.3298239586005	Inf	21.3	0.9
0.95	0.53	43.4361136984419	Inf	13.7	0.4
0.97	0.53	53.2601506710392	Inf	10.4	0.4
0.99	0.53	73.436823491759	Inf	3	0
0.51	0.55	16.9353536899196	71.127556973074	50.5	9.7
0.53	0.55	18.6968436039814	71.1128463808698	49.6	7.9
0.55	0.55	16.9008297743271	71.8114410127398	47.5	6.6
0.57	0.55	20.2807013063347	73.1718098675166	48.7	7.1
0.59	0.55	21.4868152795159	69.801760020101	49.3	8.7
0.61	0.55	16.7162417426891	68.4032615629258	45.8	7.6
0.63	0.55	14.1104834755396	Inf	46.8	6.4
0.65	0.55	18.3008008621247	71.2528397147996	47.3	6.1
0.67	0.55	20.4248143812657	76.8606809310954	45.4	6.1
0.69	0.55	27.3883890158903	86.8006921873185	44.4	5.4
0.71	0.55	19.9081684567925	77.8397154610161	48.5	5.8
0.73	0.55	30.9461698745786	78.5145628843134	42.8	4.9
0.75	0.55	21.7113868407377	82.0370362212248	44.7	4.1
0.77	0.55	17.7567930961231	Inf	40.3	3.4
0.79	0.55	37.6428182984686	88.1988377729406	38.2	3.3
0.81	0.55	20.0486365012807	77.6903047042029	38.2	3.2
0.83	0.55	26.5530754018532	84.4912170089905	36	2.5
0.85	0.55	23.8432662820959	84.442493834375	34.6	2.5
0.87	0.55	27.3843636051288	Inf	32.2	2.5
0.89	0.55	35.0280967436079	Inf	29	1.5
0.91	0.55	32.7702908697745	Inf	23.6	1.4
0.93	0.55	38.2446381937912	Inf	19.9	0.5
0.95	0.55	36.4665034498203	Inf	15.8	0.6
0.97	0.55	51.1481557517413	Inf	10.8	0.4
0.99	0.55	Inf	Inf	3.8	0
0.51	0.57	26.935841283891	78.5179699708581	46	8.5
0.53	0.57	15.0123353024075	67.3594382284795	46.5	7.9
0.55	0.57	20.2574635626279	65.5261840810307	46.8	8
0.57	0.57	15.6397017432722	67.2030926925377	46.3	8.4
0.59	0.57	12.3028402360693	71.5949082166517	48.1	8
0.61	0.57	26.5959522827901	74.4103384700906	46.9	7.2
0.63	0.57	19.7139034067996	74.1877767448983	46.6	8.7
0.65	0.57	17.423396540729	71.124695825258	46.8	5.5
0.67	0.57	27.4643422041081	81.2186072929693	44.3	5.6
0.69	0.57	15.4429453781628	80.5630715072612	47.3	5.9
0.71	0.57	20.9771611643564	76.9890233039075	45.1	7.1
0.73	0.57	14.3610632751558	82.2720100223517	43.5	4.6
0.75	0.57	14.1806924752803	76.7643169138372	46.2	4.6
0.77	0.57	23.9825740063089	81.2697482594582	42.9	4.7
0.79	0.57	33.7385933139756	83.9563977336521	41.5	4.9
0.81	0.57	22.5647089366991	Inf	39.1	3.9
0.83	0.57	21.772691704564	81.2779783733575	35.6	3.8
0.85	0.57	23.0270481667217	77.9397919304945	36.4	3.2
0.87	0.57	31.4536328278148	Inf	31.6	2.4
0.89	0.57	26.6810905066947	84.7318095001459	29.4	1.6
0.91	0.57	28.3067322224217	Inf	25.4	0.7
0.93	0.57	31.847711225119	Inf	21.9	1
0.95	0.57	41.3300848490191	Inf	17.2	0.8
0.97	0.57	50.0068332423433	Inf	10.1	0.5
0.99	0.57	Inf	Inf	3.5	0.1
0.51	0.59	19.1576394630547	72.8821484201954	47.8	7.9
0.53	0.59	16.9390628758319	69.6913669949263	45.1	9.6
0.55	0.59	20.6632052142371	70.834033753411	47.4	8.4
0.57	0.59	10.4281465135559	73.7920936328369	48.6	8.2
0.59	0.59	20.4880854778103	75.7103799876	47.9	8.2
0.61	0.59	22.2196837027357	69.7428077175856	49.1	8.2
0.63	0.59	11.8115282769503	71.1833558536594	50.1	7.2
0.65	0.59	18.3047932092427	63.025074091444	47.8	7.5
0.67	0.59	23.7274192984136	74.1139785163713	49.1	6.5
0.69	0.59	30.8160593095055	73.2593666520168	46.5	7.3
0.71	0.59	12.6281421017753	69.8005998295809	47.7	6.4
0.73	0.59	19.9609181082543	74.8711907776871	45.3	6.1
0.75	0.59	35.5698945936467	72.1351055130019	43.4	4.4
0.77	0.59	22.3936003851968	72.6997374771662	43.4	5.2
0.79	0.59	25.6225475402379	Inf	41.3	3.2
0.81	0.59	18.868801669197	Inf	38.2	3.2
0.83	0.59	29.0498045370411	81.6936835372561	38.7	3.9
0.85	0.59	27.8390936570986	82.1360359196448	36.3	2
0.87	0.59	26.6169801590061	82.5305177016861	34.7	3.4
0.89	0.59	21.0094910979452	Inf	29.1	2.4
0.91	0.59	31.0477788675494	Inf	25.9	1.6
0.93	0.59	35.1552442460554	Inf	23	0.8
0.95	0.59	29.5568203028111	Inf	15.5	0.4
0.97	0.59	47.4876570653717	Inf	11.6	0.2
0.99	0.59	63.9628473227431	Inf	4.1	0.2
0.51	0.61	24.1800040013864	73.5187846813476	48.4	9.5
0.53	0.61	18.8779981640093	74.1942388160381	50.9	10.5
0.55	0.61	13.2476944039959	75.6991189051473	48	9.7
0.57	0.61	21.3455214230142	72.9271506912424	48.8	9
0.59	0.61	12.923095861406	70.9956707898523	47	7.2
0.61	0.61	19.8297150184285	68.9102961806973	49	8.4
0.63	0.61	15.1828772156933	74.981412015755	45.5	8.5
0.65	0.61	20.8774761933757	77.5576574729338	46.8	8
0.67	0.61	18.7989734844017	71.7885732850952	45.4	7.4
0.69	0.61	21.9166972666233	75.030867380049	45.2	5.7
0.71	0.61	22.7804332230115	71.3906462664611	48.4	6.2
0.73	0.61	21.1907631664401	80.7637589013642	46.3	5.4
0.75	0.61	22.6080956671365	81.8978646843057	41.8	4.8
0.77	0.61	20.1464539346078	77.5430740690692	40.6	4.6
0.79	0.61	24.6083258733608	75.3916935019712	41.3	4.5
0.81	0.61	26.571483921496	76.0988796464158	38.6	4.3
0.83	0.61	24.266707704452	Inf	37.5	2.9
0.85	0.61	28.0925666031714	81.3178293519339	37.9	4.1
0.87	0.61	19.1918728800482	81.0402815776876	33.9	2.5
0.89	0.61	37.9564704068357	Inf	29.7	1
0.91	0.61	25.5939746073662	Inf	28	1.5
0.93	0.61	33.8156169120057	Inf	22.7	0.8
0.95	0.61	39.7877109521229	Inf	16.2	0.4
0.97	0.61	54.0601468539616	Inf	9.9	0.1
0.99	0.61	62.3911166144534	Inf	5.4	0.1
0.51	0.63	15.1182227588055	75.1676556659552	43.9	9.3
0.53	0.63	15.1748050952477	71.3903982966	49	10
0.55	0.63	13.1139775888248	67.3945144384988	43.8	9.5
0.57	0.63	17.8049919252988	70.3809448704562	47.3	8.4
0.59	0.63	12.8260711431271	66.022337033536	48.8	9.3
0.61	0.63	18.2013343128334	66.2926365417201	49.2	9.2
0.63	0.63	20.5731881999941	67.4624985366436	46.8	7.6
0.65	0.63	17.132902426825	74.9106113373194	47.4	6.3
0.67	0.63	19.0084576798273	76.5511324972458	45.5	8.1
0.69	0.63	18.1615259990961	67.6561524310583	49.3	7.8
0.71	0.63	27.7425788238376	74.3447235349648	43.8	6.3
0.73	0.63	20.654484201021	76.7093409011815	43.3	7.5
0.75	0.63	21.8787180884844	Inf	44.4	4.6
0.77	0.63	19.629492648809	78.6189758998976	43.8	5.8
0.79	0.63	17.9155295503168	76.2472454243906	42.6	5.5
0.81	0.63	32.0720335842137	81.742256867612	39	4.6
0.83	0.63	18.0120327423208	Inf	37	3
0.85	0.63	25.5031171416029	84.0978948692863	37	2.9
0.87	0.63	22.6862919719734	Inf	31.6	2.2
0.89	0.63	35.5086196110208	Inf	32.2	1.8
0.91	0.63	34.6286154161482	Inf	27.1	1.9
0.93	0.63	38.1199080050564	88.0573268709583	23.6	1.8
0.95	0.63	34.2291539129618	Inf	18.1	0.7
0.97	0.63	43.6127586783873	Inf	12.2	0.7
0.99	0.63	68.9000313192788	Inf	4.4	0.1
0.51	0.65	14.977558150307	67.4969638443422	46.3	10.9
0.53	0.65	14.7305408492623	70.5564646386084	46.1	9.5
0.55	0.65	22.6192855078092	67.5235016350536	50.1	9.3
0.57	0.65	18.2361275212985	69.8309532034083	45.5	9.6
0.59	0.65	15.0908902260777	67.0772756099459	47.7	9.8
0.61	0.65	22.5294072530114	69.651992388411	47.1	8.3
0.63	0.65	18.6331813102375	67.3757113232432	47.5	8.1
0.65	0.65	11.0040628801349	70.7158406950009	47.9	6.7
0.67	0.65	12.9055286195226	65.0877676897632	46.9	7.3
0.69	0.65	19.108555640006	73.540035157364	46.3	6.5
0.71	0.65	27.8930848779897	73.3464098310986	47.4	7.6
0.73	0.65	21.1309875208764	72.1729732329668	45.3	5.9
0.75	0.65	22.2802114920065	73.341138754778	44.4	5.3
0.77	0.65	8.74900080912279	74.3528476555803	45.3	5.9
0.79	0.65	19.8895084311008	71.5755101209197	42.7	5.6
0.81	0.65	25.0979514115224	77.2071237292213	41.8	4.9
0.83	0.65	22.4225276006154	82.6470313988453	40.3	3.7
0.85	0.65	21.0141599014296	81.8835733395005	37.8	4.3
0.87	0.65	24.1375701471011	83.3086423129947	34.2	3.5
0.89	0.65	24.7427014177025	89.8904229433715	33.3	2.5
0.91	0.65	28.3290979660367	Inf	26.7	1.3
0.93	0.65	32.2977650962533	Inf	24.5	1.8
0.95	0.65	47.3554237815303	Inf	19.2	0.8
0.97	0.65	54.0756526034865	Inf	10.2	0.4
0.99	0.65	65.9835672611876	Inf	4.2	0
0.51	0.67	14.0478863129278	51.5857385662207	45.6	10.8
0.53	0.67	16.0008684371056	68.3371213486552	46.6	11.3
0.55	0.67	10.5886501774889	66.658979084174	43.7	9.9
0.57	0.67	8.4975434538662	66.3298002126431	43.8	9.4
0.59	0.67	16.1722019050211	67.9410740159903	47.7	10.8
0.61	0.67	13.2222924171323	60.066405426443	48.4	10.2
0.63	0.67	16.3484870207747	64.7408029667941	46.3	8.7
0.65	0.67	21.0736479476018	75.0127599259728	47.6	8.4
0.67	0.67	21.1382433384964	71.7185170562085	43.1	9.7
0.69	0.67	23.9794241777035	72.2828061543186	47.4	8
0.71	0.67	16.8714058742781	71.8940865139206	47.4	7.7
0.73	0.67	19.8107035681292	65.9468913094416	46.6	8.5
0.75	0.67	18.2196208969049	74.4898074421339	44.2	6.5
0.77	0.67	15.3806960872539	71.9886278026292	44.1	5.5
0.79	0.67	20.7178212235787	79.3284714849891	40.9	5.7
0.81	0.67	25.3988309825556	85.6276517341706	42.3	4
0.83	0.67	19.1573949655358	79.1079657742023	39.2	4.3
0.85	0.67	25.6008615247348	84.050445647577	39.2	3.6
0.87	0.67	25.3758387649131	84.8086465450441	35.8	3.4
0.89	0.67	21.6705531724445	88.1357640073813	31.4	2.3
0.91	0.67	26.5597659965371	Inf	30.5	2.6
0.93	0.67	47.6581659459931	Inf	25.6	2.3
0.95	0.67	37.6569118354745	Inf	20.2	1.1
0.97	0.67	43.8508939938348	Inf	11.6	0.1
0.99	0.67	72.9209664605097	Inf	4.1	0.1
0.51	0.69	19.8787411934094	68.07349337644	46	12.1
0.53	0.69	13.9496010972216	69.083821218542	42.9	10.8
0.55	0.69	15.3505297209599	58.8542959348198	47.6	11.3
0.57	0.69	21.0550417007951	63.6728597387085	47.2	10.2
0.59	0.69	17.589654126302	69.3746977037134	45.9	10.8
0.61	0.69	15.0345766647662	68.1351155487918	48.4	10.4
0.63	0.69	20.9319394718186	64.9162370215794	44.7	8.6
0.65	0.69	14.6305631593454	74.2727935855431	47.2	7.5
0.67	0.69	19.0181677818655	76.6201691843852	44.2	8.5
0.69	0.69	22.7767294142552	75.6751945230669	45.9	8.2
0.71	0.69	15.9313582986507	66.4973617689043	46	7.2
0.73	0.69	22.7329626597544	69.3569309776128	48.6	7.3
0.75	0.69	15.4670681938034	71.9871869674047	44.9	6.8
0.77	0.69	24.0230841891507	79.6937226316819	42.3	6
0.79	0.69	18.3579547626467	76.9792858832783	42.7	5.6
0.81	0.69	24.3161651250163	Inf	40.4	4.4
0.83	0.69	23.115270260152	75.1645000048292	39	4.1
0.85	0.69	17.0513032287012	75.7655087042715	38.3	3.5
0.87	0.69	24.8289620176124	85.1489512985064	36.8	2.9
0.89	0.69	19.8977789811369	84.7540542186876	31.7	3
0.91	0.69	26.3714890141206	85.8431924720468	29.4	2.9
0.93	0.69	26.7738715326642	Inf	26.5	1.3
0.95	0.69	37.5419647955867	Inf	18.7	1.1
0.97	0.69	40.7403449761836	Inf	13.2	0.2
0.99	0.69	65.2629040782713	Inf	4.3	0
0.51	0.71	7.95556126267951	53.2146034211898	45.2	11.5
0.53	0.71	10.761957947254	55.8566642680252	46.5	10.7
0.55	0.71	15.0336982138594	62.4750886751154	44.7	11.2
0.57	0.71	13.0723376252247	64.7477558670017	46.7	10.4
0.59	0.71	21.7237033036222	64.4340740809649	46	9.4
0.61	0.71	16.6487808648852	64.581339065996	47.3	11
0.63	0.71	14.7674699868957	70.6797969070182	48.6	9.5
0.65	0.71	20.562462726223	72.9940444870109	45.4	10.3
0.67	0.71	21.4111869588513	68.0542736628496	45.4	10.3
0.69	0.71	18.2912109370109	74.5189950601359	48.1	9.8
0.71	0.71	26.8408197038831	73.7159609999422	45.4	7.7
0.73	0.71	12.7293768264673	71.6468344194992	45	7.7
0.75	0.71	14.9156371353845	79.866560130271	43.8	6.5
0.77	0.71	18.7439337470324	71.1148675147895	43.4	7.1
0.79	0.71	13.9606669894511	69.2973483219579	44.4	6.3
0.81	0.71	27.394928746071	79.236114886467	42.9	4.8
0.83	0.71	23.980833999496	72.322283976424	40.8	5.6
0.85	0.71	26.9423924074031	85.0341637851859	36.9	4.1
0.87	0.71	31.0074150203663	77.6823701002841	35	3.6
0.89	0.71	20.5132206395956	80.1311524190042	31.4	3.4
0.91	0.71	26.6184791225019	Inf	30.2	2.7
0.93	0.71	39.6833736226066	Inf	26.1	1.7
0.95	0.71	33.7129969435314	Inf	22.2	0.8
0.97	0.71	45.1208669372202	Inf	15.4	1
0.99	0.71	76.1087310218711	Inf	5.6	0
0.51	0.73	13.145646566858	61.5500686199244	42.6	11.8
0.53	0.73	17.739326158932	65.299944922614	46.4	12
0.55	0.73	10.1006092791573	60.4571922220044	43.9	11.2
0.57	0.73	25.1702263922784	68.2760824542926	42.3	10.2
0.59	0.73	21.6843267930121	68.9292647151915	45.1	11.3
0.61	0.73	15.7747796571199	58.4592955178195	44.6	11.8
0.63	0.73	16.8086066657005	59.6517089676795	48.5	10.3
0.65	0.73	15.1620161237156	62.2829784344937	45.4	9.9
0.67	0.73	21.1689036620664	76.3669142066673	43.7	11.4
0.69	0.73	27.2086980592821	61.1370747391969	46.1	10.5
0.71	0.73	20.7140081024538	76.2066848400972	42.6	9
0.73	0.73	16.9457856721686	66.7742650227404	44.1	8.1
0.75	0.73	23.4482078695019	73.3650339911789	45.8	6.8
0.77	0.73	15.6128974280527	73.6432479759265	44.6	6.8
0.79	0.73	12.2946912294868	72.8934676397322	46.7	6.8
0.81	0.73	17.9872621391186	74.3906034044481	41.7	6.6
0.83	0.73	28.0624961336373	79.8948461556737	42	5.4
0.85	0.73	19.5800750530176	82.1953307778209	42.2	4.6
0.87	0.73	27.1296381147563	82.902472909164	36.9	5.1
0.89	0.73	26.861448856815	Inf	33.7	2.8
0.91	0.73	24.3620660404237	91.0084154623809	31.1	2.8
0.93	0.73	28.5023623050445	Inf	26.9	1.9
0.95	0.73	32.9782755543285	Inf	21.8	1.5
0.97	0.73	40.2681697857032	Inf	15.1	0.8
0.99	0.73	74.6644209858557	Inf	4.7	0.3
0.51	0.75	10.1655974458434	62.7641908317503	44.4	11.3
0.53	0.75	17.2789683338059	61.952738547647	44.2	12.6
0.55	0.75	17.5276227171928	59.249057921857	43.7	11.8
0.57	0.75	22.3952818500474	58.5205299181748	43.5	12.1
0.59	0.75	19.4454206984826	66.0205866647658	41.9	11.5
0.61	0.75	16.036778684305	67.3674662495106	46.4	10.3
0.63	0.75	15.7785794886216	74.6340792362649	39.8	9.6
0.65	0.75	16.7419160930223	65.6327376479799	46.2	10.3
0.67	0.75	25.4084056493337	72.7616530657638	45.9	10.7
0.69	0.75	19.4696625019508	67.5982507427812	45.4	8.5
0.71	0.75	25.4148994411536	71.7651734628172	43.2	10.1
0.73	0.75	21.0792548768794	71.5425724137898	44.4	8.5
0.75	0.75	17.1989946953364	69.8593969082592	44.7	8.3
0.77	0.75	14.0304189432229	72.406864479497	46.5	8.2
0.79	0.75	20.6780083188697	70.9662048277539	41.4	8
0.81	0.75	26.2411112269838	77.415317839229	42.4	6.2
0.83	0.75	19.2394069618655	71.1362806524585	39.7	4.8
0.85	0.75	18.9166185401085	75.3142728884374	41.2	6.7
0.87	0.75	16.5877533916176	Inf	40.6	5
0.89	0.75	19.3876564377199	Inf	36.9	3.9
0.91	0.75	21.046364982471	90.8288310434586	32.6	3.4
0.93	0.75	47.0125549230613	Inf	26.5	2.2
0.95	0.75	33.9716071158831	Inf	23.2	1.9
0.97	0.75	42.6216543787064	Inf	15.6	0.7
0.99	0.75	55.3485123511389	Inf	5.5	0.1
0.51	0.77	14.3397674536275	57.2159041098613	39.3	14.3
0.53	0.77	15.8749320320682	58.6479942618704	40.6	14.3
0.55	0.77	18.6548580144532	62.9222187679566	40	13
0.57	0.77	17.2487341518007	59.3712880387677	42.2	12.3
0.59	0.77	13.7899334990766	61.1906355973816	45.1	12
0.61	0.77	17.9849092761487	58.8902507889472	40.3	11.4
0.63	0.77	12.1824488409737	58.776162656703	43.2	12.1
0.65	0.77	16.9786945123013	66.8535754883509	45.3	12.4
0.67	0.77	11.2093178797353	60.2628447155465	46.2	10.5
0.69	0.77	18.008598455675	54.7701203035683	45.6	10.6
0.71	0.77	21.5270876665587	70.9254101879362	44	10.4
0.73	0.77	17.0329892831481	69.4060781247402	44.1	10.5
0.75	0.77	13.9553233386826	69.6473550026404	45.3	8.8
0.77	0.77	21.4230448065993	71.9352325958115	46.1	9.5
0.79	0.77	18.4797269663932	75.7133042126294	41.2	8.7
0.81	0.77	21.9463659150792	76.4744763274578	42.1	6.9
0.83	0.77	22.8787548538155	82.6178963228801	42.1	5.4
0.85	0.77	21.1270046373804	72.4224325388992	41	5.9
0.87	0.77	23.3319855212019	Inf	40.4	4.4
0.89	0.77	26.540306650703	83.8044979728685	36.7	4.4
0.91	0.77	26.0155002287824	79.7579037068545	32.5	4
0.93	0.77	32.1608261619746	88.0771576742433	28.3	2.7
0.95	0.77	28.9442553089404	Inf	24.8	1.7
0.97	0.77	54.2307121568363	Inf	16.4	1.1
0.99	0.77	71.3017796292661	Inf	5.5	0
0.51	0.79	10.435550986925	56.8239248905561	41.7	13.9
0.53	0.79	10.5075874161723	49.4586888188884	41.2	13
0.55	0.79	18.2210755245195	61.2798257654253	40.6	13.1
0.57	0.79	21.2470554426121	56.1336577448504	41.4	13.6
0.59	0.79	14.4832198174496	54.3184543871849	41	12.3
0.61	0.79	19.2542633239423	68.1083193077286	43	12.9
0.63	0.79	9.41618362748409	64.7229393162939	43.8	13.4
0.65	0.79	15.9106219005219	64.8898924960901	42.2	12.6
0.67	0.79	17.3758234040754	62.0707838036329	44.4	11.7
0.69	0.79	16.2744278258025	58.3063401841648	46.9	12.3
0.71	0.79	19.783354202149	59.9761080542678	41.8	10.6
0.73	0.79	14.7563636804871	59.2634556129009	43.4	10.4
0.75	0.79	22.1131335950078	66.6375223922331	43.5	9.8
0.77	0.79	23.8924991571414	54.9690303874166	42.2	9.4
0.79	0.79	25.4994781399468	69.0747185485698	43.9	9.4
0.81	0.79	15.8075262221245	75.5886996365797	44.5	7.5
0.83	0.79	18.7029309683319	74.1996261050073	41.7	7
0.85	0.79	22.3404424385832	77.7835662215363	42.4	6.5
0.87	0.79	24.4721891026345	76.481242642867	39.3	7.6
0.89	0.79	25.9553062824815	85.8749860246259	37.6	4.9
0.91	0.79	26.7320536507688	77.9804868695375	31.8	3.6
0.93	0.79	25.8296401102443	Inf	30.1	3
0.95	0.79	33.3305054581559	91.7457890537947	23.3	2.1
0.97	0.79	43.601021553206	Inf	17.5	1.6
0.99	0.79	61.0823220546585	Inf	7.2	0.6
0.51	0.81	10.9807334959946	53.8284125382019	40.6	14.3
0.53	0.81	21.7736164570536	55.5348316184234	39.1	13.1
0.55	0.81	12.2623185433916	62.3638379787673	39.6	12.7
0.57	0.81	12.4824109412223	58.8501603990394	39.3	14.4
0.59	0.81	19.2078557476271	61.3113684575768	41.1	14.6
0.61	0.81	11.7565397567102	51.9406324201401	35.9	12.5
0.63	0.81	15.6867913670763	61.0147838377214	43.1	12.6
0.65	0.81	13.9082592357838	61.6436484604256	43.5	12.3
0.67	0.81	5.79063270951174	57.3010397197078	42.5	11.8
0.69	0.81	16.3219538102826	65.6683012875042	43	12.1
0.71	0.81	16.2367180471655	69.9834006934047	43.4	11.3
0.73	0.81	13.0135451595639	70.7043311738647	41.7	11.1
0.75	0.81	18.4583259579919	61.8288218611158	41.6	11.3
0.77	0.81	18.2062863130848	57.9218369693829	45.2	8.8
0.79	0.81	18.1093073957016	70.9661383795809	44.4	9.7
0.81	0.81	22.3403702383735	70.1256339709596	41.8	8.8
0.83	0.81	21.8035398822245	78.5339715421854	40.1	7.3
0.85	0.81	16.3084149812059	76.821183146694	40.5	6.6
0.87	0.81	27.3015390462246	73.5063381375384	39.7	5.9
0.89	0.81	20.1215324933771	77.9984935251745	36.5	5.6
0.91	0.81	22.6071439770302	81.8744909265433	34.1	3.9
0.93	0.81	26.6918712621409	82.383770218962	31.4	3.5
0.95	0.81	33.6195501713018	83.6602061443318	22.7	2.2
0.97	0.81	31.250111869853	Inf	17.4	1.7
0.99	0.81	50.6461425471593	Inf	7.4	0.5
0.51	0.83	8.72186099469721	49.7219850475718	31.1	13
0.53	0.83	16.797472261587	56.8479081889144	35	14.3
0.55	0.83	14.1579499723091	53.6616656675871	39.1	14.6
0.57	0.83	15.4803954437041	52.4816138770023	39.9	14
0.59	0.83	13.122248016034	44.3829055796577	38.5	13
0.61	0.83	16.667527287638	62.3163253671137	38	14.7
0.63	0.83	15.2659740004332	53.9703168718555	37.8	13.1
0.65	0.83	19.8971768882931	59.5985950851478	41.5	12.8
0.67	0.83	19.291202089363	64.4017359939218	42.6	13.7
0.69	0.83	20.502341665858	58.3261589180893	41.7	12.1
0.71	0.83	15.3667947426307	54.104413443172	43.1	13.3
0.73	0.83	16.3740576036243	65.5565750330648	44.3	11.8
0.75	0.83	18.1536238186985	70.4465254155229	43.5	11.5
0.77	0.83	19.7945214976468	65.4459267901862	40.9	10.7
0.79	0.83	16.2667419112129	61.4520857810775	42.6	11
0.81	0.83	20.9235452066941	68.7748864604241	44.3	10.8
0.83	0.83	16.8618385888374	72.068210226679	39.6	9.2
0.85	0.83	17.740191211754	68.5422616854303	41.4	7.8
0.87	0.83	16.2838401087599	73.3643783992938	41.7	6.1
0.89	0.83	22.8210653323311	73.4148273956767	38.3	7.3
0.91	0.83	26.2436656655443	73.8767902060834	36.3	6.5
0.93	0.83	25.6519934905187	79.3144647851548	33	4.8
0.95	0.83	25.2125401758734	82.6813197887778	28.8	3.6
0.97	0.83	38.3127539732233	92.0652574700064	20.3	1.8
0.99	0.83	58.9796633900056	Inf	7.7	0.4
0.51	0.85	15.9576007361987	52.0418824264884	33.3	14
0.53	0.85	16.3844259841323	54.7167564926831	34	15.4
0.55	0.85	24.9174910939972	60.157826946396	32.8	16.1
0.57	0.85	13.6525090009042	46.1555046489616	36.7	14.4
0.59	0.85	15.21249231174	54.4728745494014	35.5	13.1
0.61	0.85	21.5335409806097	58.1359592599604	37.3	13.8
0.63	0.85	13.5115291020808	50.955651561512	37.8	14
0.65	0.85	9.0688435240725	53.4660934755231	40.7	13.1
0.67	0.85	21.0576478946696	59.7174324695916	39.9	13.8
0.69	0.85	19.3994134548841	51.6740529922236	39	12.6
0.71	0.85	15.1089879049956	59.5435851769468	39.1	11.4
0.73	0.85	22.0320707556417	64.9143741896629	40	13.5
0.75	0.85	16.5712209451372	56.8950370168484	41.6	12.6
0.77	0.85	17.5211757934435	68.8113262593642	41.2	10.4
0.79	0.85	20.5373881101761	68.0306281376007	39.9	10.2
0.81	0.85	24.1996594190483	68.2476251644832	40.7	9.7
0.83	0.85	19.448705297005	71.2094988394265	41.1	9.8
0.85	0.85	17.8395106419184	76.6593884056279	40.7	8.5
0.87	0.85	30.059543644977	75.5152006033071	37.6	7.3
0.89	0.85	23.6746252401268	83.1857310500801	36.8	5
0.91	0.85	25.4588863754298	78.2896587413449	37.6	7.8
0.93	0.85	22.1987788104799	Inf	33	3.4
0.95	0.85	28.0443835830408	Inf	25.8	3.2
0.97	0.85	39.2190425812093	89.2741157199036	19.6	2.3
0.99	0.85	49.5110158211152	Inf	8.2	0.8
0.51	0.87	10.4402518966372	39.7102945012004	34.2	14.2
0.53	0.87	11.9814152890565	50.72092923371	32.9	15.6
0.55	0.87	11.8945219547183	46.7119664237469	34	14.4
0.57	0.87	12.2743643777261	52.208499702052	32.4	14.3
0.59	0.87	11.4062692369556	54.2456931287183	37.5	13.9
0.61	0.87	11.6942478352323	43.5738712798874	36.6	13.6
0.63	0.87	14.7705634096989	50.9825106504484	36.3	15.3
0.65	0.87	16.0372762963763	54.8449520531559	36.6	14.1
0.67	0.87	10.6607562324879	47.1503527547812	33.5	14
0.69	0.87	10.5662271852081	55.2839300407236	36.8	13.4
0.71	0.87	16.6082648134265	58.4951220388283	36.1	14.4
0.73	0.87	10.9578349068695	57.4242890427287	39	12.7
0.75	0.87	13.9805318069813	68.4458322951158	36.9	13.5
0.77	0.87	19.7520424288959	60.539676665066	39.2	12.2
0.79	0.87	16.3939393814737	66.3402240311858	38.4	13.2
0.81	0.87	19.7631704138693	61.5074645570203	38.2	10.7
0.83	0.87	18.7986598425558	69.7334306624096	40.1	11
0.85	0.87	21.4513114263273	71.3323484518709	41.6	10.9
0.87	0.87	13.3741018069165	67.0098028297855	41.5	9.5
0.89	0.87	18.9902608773853	75.389846589785	37.8	7.5
0.91	0.87	19.3220469600451	82.2636286134818	32.4	6.5
0.93	0.87	27.9349175320001	Inf	32.6	5.5
0.95	0.87	19.0896987984239	76.5416878306342	28.2	3.8
0.97	0.87	44.0169891038889	Inf	18.5	2.5
0.99	0.87	53.7093127678034	Inf	9.9	0.8
0.51	0.89	12.1425056535896	45.5612841942919	28.9	14
0.53	0.89	9.44279104336453	47.3712233048423	28.7	13.9
0.55	0.89	15.3331154598068	35.6733787876149	30.1	12.9
0.57	0.89	10.9367426174416	45.2767532943048	32.8	15.7
0.59	0.89	19.9143983018419	53.5788635043472	31.1	14.4
0.61	0.89	13.8180364687594	46.1444383120202	30.5	15.1
0.63	0.89	9.45215727563828	50.6491177904887	32.9	15.7
0.65	0.89	13.0468861072886	42.3744544597461	31.6	14.3
0.67	0.89	15.146754017082	44.7137639179016	33.8	12.7
0.69	0.89	14.1350633693578	53.10032127078	36.8	14.4
0.71	0.89	12.108853474897	58.7347596662079	38.1	14.9
0.73	0.89	11.1913661934666	54.3982122714341	34.6	15.3
0.75	0.89	17.2427118813933	50.3155496703596	35.8	14
0.77	0.89	22.2959326570736	62.9801058617921	36.6	14.6
0.79	0.89	22.8084064222732	61.1792496767232	37.2	12.7
0.81	0.89	18.7707700552406	62.0384838976165	39.9	12.3
0.83	0.89	14.9698948035086	67.6139080784395	39	11.3
0.85	0.89	16.7886920809093	67.2094026764202	38.3	10.9
0.87	0.89	15.0978650880117	67.8501456891716	40.4	9.9
0.89	0.89	15.1773827652926	66.790773855341	39.4	9.7
0.91	0.89	15.5060888976286	74.9274023347421	37.2	8.5
0.93	0.89	34.4554486927878	73.9850583547157	32.1	8.3
0.95	0.89	19.9654789285965	90.2280090974925	27	3.3
0.97	0.89	19.5939546801868	Inf	24.7	2.9
0.99	0.89	56.661859583986	Inf	9	0.9
0.51	0.91	10.1644687146774	35.5906272992963	25.7	14
0.53	0.91	6.19653471509049	43.2669206933411	25.6	14.7
0.55	0.91	10.9356551663933	36.733708536652	25.4	12.6
0.57	0.91	11.5649974134346	38.080132288973	25.4	16
0.59	0.91	11.7755620363371	39.16889030904	29.4	11.9
0.61	0.91	8.90043822894121	40.5813465791256	30.7	13.7
0.63	0.91	12.3621076377751	39.1966284691947	30.3	14
0.65	0.91	16.4814588975895	45.7090218757536	28.6	14.6
0.67	0.91	18.5721485325665	49.0130768183993	30.2	13.1
0.69	0.91	15.0732404128788	49.1789639857289	29	14.4
0.71	0.91	9.28500598237823	46.6392910036547	31.1	14.7
0.73	0.91	19.4689329951178	51.8808818455388	33.5	16.4
0.75	0.91	13.1153760141568	54.8237520765428	33.4	15.3
0.77	0.91	17.7959451186917	55.3834024866242	34.7	13.6
0.79	0.91	11.8862260544628	42.5245427078123	36.4	14.1
0.81	0.91	15.6028035156039	57.788224809821	35.7	14.5
0.83	0.91	13.8145666765574	68.4686979586873	37	12.6
0.85	0.91	16.3904640799968	57.9662289989205	38.6	12.1
0.87	0.91	22.4028167638966	64.1324896633707	36.5	12.7
0.89	0.91	20.9047465863461	61.4878876721159	34.3	11.5
0.91	0.91	17.6666957840427	72.9583978235485	32.1	10
0.93	0.91	22.4776407335831	67.6894656421923	35.6	9.3
0.95	0.91	26.2001428722052	76.0612229914183	31.7	6.6
0.97	0.91	31.7777795719429	Inf	23.9	4.5
0.99	0.91	42.1979870623461	Inf	9.6	1.4
0.51	0.93	10.6061628476758	16.0773918834037	22.7	8.8
0.53	0.93	12.5571057286974	29.3666217208569	19.1	10.9
0.55	0.93	9.58261932730191	24.0401147439418	23.6	8.8
0.57	0.93	11.6233644995765	28.5318391064629	24.1	9.4
0.59	0.93	11.7884869501978	30.583816307644	23.1	11
0.61	0.93	10.9606409025874	19.6857880807854	22.7	6.4
0.63	0.93	20.7888805369758	38.7339371205069	24.6	11.7
0.65	0.93	15.0609882822799	43.4948223423197	25.3	13.9
0.67	0.93	16.5346513092971	36.2679560596318	24.8	12.9
0.69	0.93	18.8067987425209	48.4266307380726	27.9	15.2
0.71	0.93	20.9460835096382	48.7951607202389	30.5	14.9
0.73	0.93	14.1729058610771	38.4112710309509	26.3	14.9
0.75	0.93	18.6121828282759	53.7213388444942	27.8	15.3
0.77	0.93	14.9479898420398	42.7475548407801	30.9	15.4
0.79	0.93	13.3370529184905	51.5875960883651	29.1	13
0.81	0.93	13.2983955306132	55.4325532290484	32.3	14.3
0.83	0.93	22.0085427374978	58.4344888209607	30.5	14.5
0.85	0.93	15.3551694122316	62.5231000232266	31.3	13.3
0.87	0.93	21.5366826557841	62.5050513734159	35.8	13.3
0.89	0.93	19.5169543712284	70.5510739949929	30.8	12.1
0.91	0.93	20.7388464031291	63.5422497126529	35.5	10.8
0.93	0.93	27.754647253906	66.6056224811596	35.9	9.9
0.95	0.93	30.1170835369676	70.0750207759309	28.9	7.8
0.97	0.93	30.9569575451677	79.0407764411872	23.2	4.6
0.99	0.93	43.02339411666	82.66680600177	10.8	2.5
0.51	0.95	10.6150726079644	7.81584423968492	14.6	2.6
0.53	0.95	15.9808489565485	9.94646812130122	18.8	5.3
0.55	0.95	12.6144589966867	11.3798769552106	18	4
0.57	0.95	10.215293611849	13.7292516539604	21.9	6.8
0.59	0.95	11.344349188064	16.5037963115184	18.9	5.9
0.61	0.95	12.909472584115	14.9543569428068	21.2	6.6
0.63	0.95	14.4314340904068	19.425529206477	19.7	7.4
0.65	0.95	12.5399011722512	14.1067639840928	23.3	8.6
0.67	0.95	17.8794536638286	30.6393023259245	22.2	10.2
0.69	0.95	11.6738958308755	27.2568326204218	23.2	8.4
0.71	0.95	11.4428504695283	28.3698766889074	22.4	11.2
0.73	0.95	9.94065993266185	34.2912939707445	20.5	13.3
0.75	0.95	14.7225853012973	21.9288515833418	25.5	10.3
0.77	0.95	11.8392147217146	41.4292869816359	26.6	14.2
0.79	0.95	13.6491898469819	34.5069160944476	25.6	11.3
0.81	0.95	11.6851982600012	45.8493493017259	25.8	14.7
0.83	0.95	16.5723026000108	49.4532345542169	25.4	15.5
0.85	0.95	15.1549352276072	52.4593206953926	28.1	15
0.87	0.95	14.001633949568	57.4662076348705	32.6	13.9
0.89	0.95	18.9139637602128	56.4997167526301	31.2	14.2
0.91	0.95	20.0630322371582	59.0214039551709	32.8	13.1
0.93	0.95	19.5150880049213	61.3416414112565	29.6	11.5
0.95	0.95	23.7514276293539	71.3186901790666	28.7	11.2
0.97	0.95	29.2476005497979	75.3329439690559	24.2	7.1
0.99	0.95	43.9540747602556	Inf	12.5	3.5
0.51	0.97	8.5377022884606	0.430749209812588	10.3	1.6
0.53	0.97	14.0144590874916	5.12930588282178	12.4	2.7
0.55	0.97	10.852945428484	1.04419440348669	11.9	2.1
0.57	0.97	12.9310733893709	1.90328089171452	10.4	1
0.59	0.97	14.6714530912736	5.86708984899597	13.9	3.1
0.61	0.97	8.19255871492553	8.22587699169977	14.6	3.7
0.63	0.97	14.6033688747996	3.8299206888848	13.5	1.9
0.65	0.97	10.5922520545776	5.74755999792518	13.7	2.5
0.67	0.97	9.16920838771359	1.01233988454046	11.3	2.8
0.69	0.97	11.3389585331786	1.60012096470281	15	1.4
0.71	0.97	14.5854705557962	18.64173562071	16.4	5.9
0.73	0.97	8.81302400639408	9.11437452909238	17.9	4.1
0.75	0.97	13.0537038043704	13.9120899473994	17	7.6
0.77	0.97	19.4364998220307	29.9425594064418	17.3	8.6
0.79	0.97	18.6161627210439	35.8364537093908	20	13
0.81	0.97	12.2565489623777	35.5566792560915	19	12.8
0.83	0.97	15.4750239564116	31.8163411173042	20.4	13.6
0.85	0.97	13.6454451754851	39.8190185234916	22.7	13.6
0.87	0.97	14.4136827751314	39.7044353959646	21.4	13.2
0.89	0.97	17.8195745517929	54.1946282362974	23.5	15.8
0.91	0.97	28.4020211153215	55.033318676409	23.8	15.1
0.93	0.97	20.4254640668025	54.3776614519822	27	13.4
0.95	0.97	25.3876927290538	60.0341062489453	23.2	13.3
0.97	0.97	28.0883455442953	63.6635036367738	21.9	10.6
0.99	0.97	59.5585200543981	83.2652909872683	13	5.3
0.51	0.99	14.8887913521797	1.31062701157703e-05	6.8	1
0.53	0.99	10.9822083361322	-1.5244732338715e-06	4.8	1
0.55	0.99	10.351125009021	2.29715490291937e-06	5.4	1
0.57	0.99	12.2928031853555	-5.85738579843564e-06	5.4	1
0.59	0.99	17.9853550594294	7.13209684590765e-06	6.4	1
0.61	0.99	15.4909599253064	-5.59695370299096e-06	6.1	1
0.63	0.99	6.24028951008324	6.07202602225243e-06	6.4	1
0.65	0.99	16.34023384389	3.81089902816711e-06	5.9	1
0.67	0.99	13.0054910803761	5.51804861004257e-07	6.2	1
0.69	0.99	12.2896340645314	2.11598835486989	8.2	2
0.71	0.99	10.3195796804511	6.45354588044711e-06	6.7	1
0.73	0.99	12.0173388413827	5.92190591675035e-06	7.3	1
0.75	0.99	13.4778345546829	-1.99082469691803e-06	9.1	1
0.77	0.99	13.3064420375512	-5.28337296259451e-06	8.2	1
0.79	0.99	14.8076051992834	6.13249040392444	9.3	1.7
0.81	0.99	16.1799997724183	4.70168876087808	10.8	2.3
0.83	0.99	14.3955634423002	3.74088422666201	8.4	2.3
0.85	0.99	20.2821441415312	1.34188717737516e-06	11.3	1
0.87	0.99	17.8794186250171	2.66702129383018	8.8	1.9
0.89	0.99	19.3726693092432	7.85046679081309	11.3	4.2
0.91	0.99	21.4407978358057	15.7055581612481	14.4	3.8
0.93	0.99	19.9167893293359	19.9686158602346	12.6	8.9
0.95	0.99	24.0215891096057	34.0109115175291	12.8	10.4
0.97	0.99	25.0633623798128	45.8729833881592	14.7	12.1
0.99	0.99	41.3187719785723	57.043982236789	11.9	8
